name1	name2	form1	form2	result	concentration1	concentration2	goal_diff	score_diff	history	motivation1	motivation2
Манчестер Юнайтед	Манчестер Сити	1.0	0.6	0.0	1.0	0.8	0.5757575757575758	0.6388888888888888	0.5	1.0	1.0
Манчестер Юнайтед	Челси	0.6	0.7	0.0	1.0	0.8	0.5704225352112676	0.6666666666666666	0.25	1.0	1.0
Манчестер Юнайтед	Арсенал	0.8	0.5	1.0	1.0	0.2	0.5625	0.6578947368421053	1.0	0.0	0.0
Манчестер Юнайтед	Тоттенхэм Хотспур	0.8	0.6	0.0	1.0	1.0	0.6333333333333333	0.6666666666666666	1.0	0.0	0.0
Манчестер Юнайтед	Эвертон	0.9	0.7	1.0	1.0	1.0	0.6727272727272727	0.7222222222222222	0.25	0.7692307692307692	0.9487179487179488
Манчестер Юнайтед	Ливерпуль	0.9	0.6	1.0	1.0	1.0	0.6764705882352942	0.7763157894736843	1.0	1.0	1.0
Манчестер Юнайтед	Вест Бромвич Альбион	0.9	0.5	1.0	1.0	1.0	0.6829268292682926	0.6805555555555556	1.0	0.8771929824561403	0.9649122807017544
Манчестер Юнайтед	Суонси Сити	0.6	0.5	1.0	1.0	1.0	0.8	0.825	0.75	1.0	1.0
Манчестер Юнайтед	Вест Хэм Юнайтед	0.8	0.4	1.0	0.2	0.8	0.8493150684931507	0.8359375	0.5	0.0	0.0
Манчестер Юнайтед	Норвич Сити	0.9	0.5	1.0	1.0	1.0	0.8983050847457628	0.8529411764705883	0.5	0.6363636363636364	0.7575757575757576
Манчестер Юнайтед	Сток Сити	0.8	0.5	1.0	1.0	1.0	0.6521739130434783	0.7058823529411764	0.75	0.0	0.0
Манчестер Юнайтед	Саутгемптон	0.9	0.6	1.0	1.0	1.0	0.8698630136986301	0.875	0.5	0.7555555555555555	0.9555555555555556
Манчестер Юнайтед	Астон Вилла	0.7	0.7	1.0	1.0	1.0	0.9705882352941176	0.912280701754386	1.0	1.0	1.0
Манчестер Юнайтед	Ньюкасл Юнайтед	0.9	0.4	1.0	1.0	1.0	0.8472222222222222	0.8382352941176471	1.0	0.9333333333333332	0.9166666666666666
Манчестер Юнайтед	Сандерленд	0.8	0.3	1.0	0.8	1.0	0.8181818181818181	0.859375	1.0	0.9090909090909092	0.9848484848484848
Манчестер Юнайтед	Рединг	1.0	0.2	1.0	1.0	1.0	0.9603174603174602	1.0	1.0	0.5555555555555556	0.962962962962963
Манчестер Юнайтед	Куинз Парк Рейнджерс	0.8	0.2	1.0	0.0	1.0	0.9482758620689656	0.9791666666666669	1.0	0.0	0.0
Манчестер Сити	Манчестер Юнайтед	0.8	0.8	0.0	1.0	0.6	0.5151515151515151	0.4482758620689655	0.5	1.0	1.0
Манчестер Сити	Челси	0.6	0.6	1.0	0.0	0.2	0.4745762711864407	0.5392156862745098	0.75	0.8888888888888888	0.9722222222222222
Манчестер Сити	Тоттенхэм Хотспур	0.9	0.6	1.0	1.0	0.0	0.6111111111111112	0.6086956521739131	1.0	0.0	0.0
Манчестер Сити	Эвертон	0.8	0.5	0.5	1.0	0.4	0.6666666666666666	0.6785714285714286	0.5	0.0	0.0
Манчестер Сити	Ливерпуль	0.9	0.7	0.5	1.0	1.0	0.6272727272727272	0.6888888888888889	0.5	0.8571428571428572	0.8571428571428572
Манчестер Сити	Вест Бромвич Альбион	0.7	0.3	1.0	1.0	0.0	0.7071428571428572	0.7	1.0	0.7777777777777778	0.4444444444444444
Манчестер Сити	Суонси Сити	0.8	0.3	1.0	1.0	0.8	0.625	0.6842105263157895	0.5	0.0	0.0
Манчестер Сити	Вест Хэм Юнайтед	0.6	0.7	1.0	1.0	1.0	0.7535211267605634	0.7166666666666667	0.75	1.0	1.0
Манчестер Сити	Норвич Сити	0.7	0.4	0.0	1.0	1.0	0.8541666666666667	0.7936507936507937	1.0	1.0	1.0
Манчестер Сити	Фулхэм	0.8	0.4	1.0	0.6	1.0	0.7788461538461539	0.7804878048780488	1.0	0.875	0.875
Манчестер Сити	Сток Сити	0.6	0.6	1.0	0.2	1.0	0.6630434782608696	0.6666666666666666	0.5	0.925925925925926	0.925925925925926
Манчестер Сити	Астон Вилла	0.9	0.3	1.0	1.0	1.0	0.8148148148148149	0.8478260869565217	0.5	0.0	0.0
Манчестер Сити	Ньюкасл Юнайтед	0.5	0.4	1.0	0.6	1.0	0.7857142857142857	0.7549019607843137	1.0	0.8333333333333334	0.875
Манчестер Сити	Сандерленд	0.7	0.6	1.0	1.0	1.0	0.5882352941176471	0.6785714285714286	0.25	0.0	0.0
Манчестер Сити	Уиган Атлетик	0.8	0.7	1.0	1.0	1.0	0.8731343283582089	0.8035714285714286	1.0	0.8333333333333333	0.9
Манчестер Сити	Рединг	0.6	0.0	1.0	1.0	1.0	0.9852941176470588	0.9090909090909092	0.5	0.9047619047619048	0.9047619047619048
Челси	Манчестер Юнайтед	0.9	0.8	0.0	1.0	1.0	0.5625	0.6052631578947368	0.25	0.0	0.0
Челси	Манчестер Сити	0.4	0.9	0.5	1.0	1.0	0.4354838709677419	0.4230769230769231	0.0	0.0	0.0
Челси	Арсенал	0.7	0.7	1.0	0.4	1.0	0.5769230769230769	0.6	0.75	1.0	1.0
Челси	Тоттенхэм Хотспур	0.9	0.8	0.5	1.0	1.0	0.6142857142857143	0.525	1.0	0.9444444444444444	0.8888888888888888
Челси	Эвертон	0.8	0.6	1.0	1.0	0.6	0.6319444444444444	0.5714285714285714	0.5	1.0	1.0
Челси	Ливерпуль	0.7	0.7	0.5	1.0	1.0	0.7592592592592593	0.7608695652173914	0.5	0.0	0.0
Челси	Вест Бромвич Альбион	0.5	0.5	1.0	0.4	1.0	0.6949152542372882	0.5882352941176471	0.0	0.9393939393939394	0.9393939393939394
Челси	Суонси Сити	0.7	0.2	1.0	0.6	1.0	0.7112676056338028	0.6666666666666666	0.25	1.0	1.0
Челси	Вест Хэм Юнайтед	0.5	0.4	1.0	0.6	0.4	0.7777777777777778	0.6862745098039216	0.5	0.925925925925926	0.8888888888888888
Челси	Норвич Сити	0.9	0.3	1.0	1.0	1.0	1.0	0.9642857142857144	0.75	0.0	0.0
Челси	Фулхэм	0.3	0.3	0.5	1.0	1.0	0.6451612903225806	0.6799999999999999	0.5	0.0	0.0
Челси	Саутгемптон	0.8	0.5	0.5	0.2	1.0	0.8269230769230769	0.7439024390243902	0.5	0.9848484848484848	0.9696969696969696
Челси	Астон Вилла	0.4	0.7	1.0	1.0	1.0	0.7857142857142857	0.6666666666666666	0.5	0.9841269841269842	0.9523809523809524
Челси	Сандерленд	0.6	0.2	1.0	0.0	1.0	0.7803030303030303	0.7222222222222222	1.0	0.9523809523809524	0.9523809523809524
Челси	Уиган Атлетик	0.6	0.3	1.0	0.0	1.0	0.8818181818181818	0.7777777777777778	1.0	0.9743589743589745	0.9487179487179488
Челси	Куинз Парк Рейнджерс	0.8	0.3	0.0	1.0	1.0	0.91	0.8333333333333333	0.75	0.9814814814814816	0.8518518518518519
Арсенал	Манчестер Юнайтед	0.9	0.7	0.5	1.0	1.0	0.4084507042253521	0.325	0.0	1.0	1.0
Арсенал	Манчестер Сити	0.9	0.8	0.0	1.0	0.4	0.4607843137254902	0.35526315789473684	0.75	0.9411764705882352	0.9215686274509804
Арсенал	Челси	0.7	0.9	0.0	1.0	1.0	0.5	0.33333333333333337	0.75	1.0	1.0
Арсенал	Тоттенхэм Хотспур	0.5	0.4	1.0	0.6	0.2	0.5925925925925926	0.4782608695652174	0.5	1.0	1.0
Арсенал	Эвертон	0.8	0.9	0.5	1.0	1.0	0.6119402985074627	0.5357142857142857	0.75	0.9666666666666668	0.9
Арсенал	Ливерпуль	0.5	0.6	0.5	1.0	1.0	0.5660377358490566	0.5375	1.0	0.9777777777777776	0.9333333333333332
Арсенал	Вест Бромвич Альбион	0.5	0.6	1.0	1.0	1.0	0.5454545454545454	0.4166666666666667	1.0	0.9710144927536232	0.9565217391304348
Арсенал	Суонси Сити	0.5	0.7	0.0	1.0	1.0	0.5909090909090909	0.5178571428571429	0.5	0.0	0.0
Арсенал	Вест Хэм Юнайтед	0.5	0.3	1.0	1.0	1.0	0.6730769230769231	0.5853658536585366	1.0	0.9333333333333332	0.8833333333333333
Арсенал	Норвич Сити	0.8	0.3	1.0	1.0	1.0	0.8538461538461539	0.6944444444444444	0.25	0.8888888888888888	0.7777777777777778
Арсенал	Фулхэм	0.4	0.5	0.5	0.4	1.0	0.5384615384615384	0.5	0.25	0.0	0.0
Арсенал	Сток Сити	0.4	0.2	1.0	1.0	1.0	0.7222222222222222	0.5930232558139534	0.5	0.9285714285714286	0.8095238095238095
Арсенал	Астон Вилла	0.7	0.4	1.0	1.0	1.0	0.9107142857142856	0.7083333333333334	0.75	0.9444444444444444	0.9722222222222222
Арсенал	Ньюкасл Юнайтед	0.7	0.4	1.0	1.0	1.0	0.7560975609756098	0.6388888888888888	0.75	0.9473684210526316	0.9298245614035088
Арсенал	Уиган Атлетик	0.8	0.3	1.0	1.0	1.0	0.875	0.7539682539682541	0.5	1.0	1.0
Арсенал	Рединг	0.8	0.0	1.0	1.0	1.0	0.8571428571428572	0.7647058823529411	1.0	0.9166666666666666	0.8333333333333334
Арсенал	Куинз Парк Рейнджерс	0.5	0.2	1.0	0.0	1.0	0.8541666666666667	0.7368421052631579	0.5	0.0	0.0
Тоттенхэм Хотспур	Манчестер Юнайтед	0.8	0.9	0.5	1.0	1.0	0.3557692307692308	0.3125	0.5	0.9583333333333334	0.9166666666666666
Тоттенхэм Хотспур	Манчестер Сити	0.5	0.8	1.0	0.4	1.0	0.38235294117647056	0.412280701754386	0.0	1.0	1.0
Тоттенхэм Хотспур	Челси	0.9	0.9	0.0	1.0	1.0	0.3695652173913043	0.3529411764705882	0.25	0.0	0.0
Тоттенхэм Хотспур	Арсенал	0.8	0.9	1.0	1.0	1.0	0.4444444444444444	0.5392156862745098	0.0	1.0	1.0
Тоттенхэм Хотспур	Эвертон	0.6	0.6	0.5	0.2	0.6	0.5227272727272727	0.5555555555555556	0.0	0.9523809523809524	0.8095238095238095
Тоттенхэм Хотспур	Ливерпуль	0.4	0.6	1.0	0.6	1.0	0.5	0.58	0.75	0.0	0.0
Тоттенхэм Хотспур	Суонси Сити	0.6	0.7	1.0	1.0	1.0	0.4852941176470588	0.5454545454545454	0.75	0.9848484848484848	0.9545454545454546
Тоттенхэм Хотспур	Вест Хэм Юнайтед	0.2	0.6	1.0	0.4	0.6	0.4354838709677419	0.4615384615384616	0.25	0.0	0.0
Тоттенхэм Хотспур	Фулхэм	0.8	0.6	0.0	1.0	1.0	0.6587301587301587	0.7058823529411764	1.0	0.925925925925926	0.8888888888888888
Тоттенхэм Хотспур	Сток Сити	0.8	0.8	0.5	1.0	1.0	0.5441176470588235	0.5757575757575758	0.25	0.9682539682539684	0.9523809523809524
Тоттенхэм Хотспур	Саутгемптон	0.6	0.6	1.0	0.8	1.0	0.6901408450704225	0.6916666666666667	0.5	1.0	1.0
Тоттенхэм Хотспур	Астон Вилла	0.8	0.4	1.0	1.0	1.0	0.6521739130434783	0.6764705882352942	0.75	0.0	0.0
Тоттенхэм Хотспур	Ньюкасл Юнайтед	0.7	0.5	1.0	1.0	1.0	0.7181818181818181	0.7	0.5	0.9743589743589745	0.8974358974358975
Тоттенхэм Хотспур	Сандерленд	0.8	0.6	1.0	1.0	1.0	0.7152777777777778	0.7380952380952381	0.75	1.0	1.0
Тоттенхэм Хотспур	Уиган Атлетик	0.8	0.3	0.0	1.0	1.0	0.7083333333333334	0.7368421052631579	1.0	0.0	0.0
Тоттенхэм Хотспур	Рединг	0.7	0.3	1.0	1.0	1.0	0.7717391304347826	0.7948717948717949	1.0	0.962962962962963	0.925925925925926
Эвертон	Манчестер Сити	0.5	0.6	1.0	0.2	0.4	0.35714285714285715	0.35416666666666663	0.75	0.925925925925926	0.8148148148148148
Эвертон	Челси	0.8	0.7	0.0	1.0	1.0	0.3804347826086957	0.4743589743589744	0.5	0.9649122807017544	0.9824561403508772
Эвертон	Арсенал	0.5	0.6	0.5	0.2	1.0	0.4354838709677419	0.52	0.0	0.0	0.0
Эвертон	Тоттенхэм Хотспур	0.5	0.6	1.0	0.6	1.0	0.5151515151515151	0.4482758620689655	0.5	0.9855072463768116	0.9710144927536232
Эвертон	Ливерпуль	0.7	0.6	0.5	1.0	1.0	0.6666666666666666	0.6578947368421053	0.0	1.0	1.0
Эвертон	Вест Бромвич Альбион	0.6	0.3	1.0	1.0	0.2	0.5754716981132075	0.55	0.5	0.9777777777777776	0.9333333333333332
Эвертон	Суонси Сити	0.7	0.5	0.5	1.0	1.0	0.54	0.5897435897435898	1.0	0.9607843137254902	0.9019607843137256
Эвертон	Вест Хэм Юнайтед	0.6	0.5	1.0	0.4	1.0	0.6571428571428571	0.6416666666666666	0.75	1.0	1.0
Эвертон	Норвич Сити	0.5	0.8	0.5	0.0	1.0	0.7586206896551724	0.625	0.5	0.0	0.0
Эвертон	Фулхэм	0.6	0.3	1.0	0.0	1.0	0.647887323943662	0.6333333333333333	0.75	1.0	1.0
Эвертон	Сток Сити	0.5	0.3	1.0	0.4	1.0	0.6507936507936508	0.6372549019607843	0.5	0.9166666666666666	0.8333333333333334
Эвертон	Астон Вилла	0.6	0.2	0.5	1.0	1.0	0.8333333333333333	0.7441860465116279	0.75	0.9761904761904762	0.5714285714285714
Эвертон	Сандерленд	0.6	0.4	1.0	1.0	1.0	0.6730769230769231	0.7	1.0	0.0	0.0
Эвертон	Уиган Атлетик	0.7	0.1	1.0	1.0	1.0	0.8194444444444444	0.7205882352941176	0.5	0.9666666666666668	0.75
Эвертон	Рединг	0.4	0.5	1.0	0.0	1.0	0.7118644067796609	0.6862745098039216	0.0	0.8484848484848485	0.9696969696969696
Эвертон	Куинз Парк Рейнджерс	0.7	0.5	1.0	0.8	1.0	0.7692307692307692	0.7592592592592593	0.5	0.7777777777777778	0.6111111111111112
Ливерпуль	Челси	0.6	0.8	0.5	0.6	0.4	0.4117647058823529	0.4035087719298246	0.75	1.0	1.0
Ливерпуль	Тоттенхэм Хотспур	0.6	0.9	1.0	1.0	1.0	0.5238095238095238	0.375	0.25	0.9	0.9333333333333332
Ливерпуль	Эвертон	0.7	0.6	0.5	1.0	0.2	0.5774647887323944	0.4583333333333333	0.75	1.0	1.0
Ливерпуль	Вест Бромвич Альбион	0.6	0.1	0.0	1.0	0.6	0.7191780821917808	0.59375	0.5	0.9487179487179488	0.7435897435897436
Ливерпуль	Суонси Сити	0.4	0.6	1.0	1.0	1.0	0.5089285714285714	0.4895833333333333	0.25	0.8333333333333334	0.8611111111111112
Ливерпуль	Вест Хэм Юнайтед	0.8	0.4	0.5	0.2	0.8	0.7121212121212122	0.6111111111111112	0.5	0.8571428571428572	0.7619047619047619
Ливерпуль	Норвич Сити	0.6	0.1	1.0	1.0	1.0	0.6634615384615384	0.5609756097560976	1.0	0.9375	0.8541666666666666
Ливерпуль	Фулхэм	0.5	0.3	1.0	1.0	1.0	0.5147058823529411	0.5303030303030303	0.0	0.9206349206349206	0.9206349206349206
Ливерпуль	Сток Сити	0.4	0.5	0.5	1.0	1.0	0.4130434782608696	0.4411764705882353	0.75	0.0	0.0
Ливерпуль	Астон Вилла	0.7	0.5	0.0	1.0	1.0	0.696969696969697	0.609375	0.75	0.9393939393939394	0.8333333333333334
Ливерпуль	Ньюкасл Юнайтед	0.6	0.6	0.5	1.0	1.0	0.5	0.4285714285714286	0.5	0.0	0.0
Ливерпуль	Сандерленд	0.6	0.6	1.0	1.0	1.0	0.6	0.5714285714285714	0.25	0.9074074074074074	0.925925925925926
Ливерпуль	Уиган Атлетик	0.6	0.5	1.0	1.0	1.0	0.5740740740740741	0.5217391304347826	0.25	0.0	0.0
Ливерпуль	Рединг	0.4	0.2	1.0	1.0	1.0	0.5434782608695652	0.5882352941176471	0.5	0.0	0.0
Ливерпуль	Куинз Парк Рейнджерс	0.7	0.1	1.0	1.0	1.0	0.8888888888888888	0.7619047619047619	0.5	1.0	1.0
Вест Бромвич Альбион	Манчестер Юнайтед	0.3	0.6	0.5	0.0	1.0	0.1736111111111111	0.18253968253968256	0.0	1.0	1.0
Вест Бромвич Альбион	Манчестер Сити	0.7	0.8	0.0	0.6	1.0	0.43478260869565216	0.4705882352941176	0.25	0.0	0.0
Вест Бромвич Альбион	Челси	0.6	0.6	1.0	1.0	1.0	0.3703703703703704	0.4130434782608696	0.5	0.0	0.0
Вест Бромвич Альбион	Арсенал	0.5	0.8	0.0	1.0	1.0	0.3	0.4166666666666667	0.0	0.6666666666666666	0.9047619047619048
Вест Бромвич Альбион	Тоттенхэм Хотспур	0.1	0.7	0.0	0.4	1.0	0.3909090909090909	0.4111111111111111	0.25	0.8333333333333333	0.9761904761904762
Вест Бромвич Альбион	Суонси Сити	0.4	0.5	1.0	1.0	1.0	0.46875	0.5	0.0	0.8333333333333333	0.8333333333333333
Вест Бромвич Альбион	Вест Хэм Юнайтед	0.4	0.3	0.5	1.0	1.0	0.5294117647058824	0.5606060606060606	0.5	0.9848484848484848	0.9393939393939394
Вест Бромвич Альбион	Норвич Сити	0.3	0.8	1.0	1.0	1.0	0.6323529411764706	0.5303030303030303	0.0	0.9682539682539684	0.9682539682539684
Вест Бромвич Альбион	Фулхэм	0.5	0.3	0.0	1.0	1.0	0.5978260869565217	0.6538461538461539	0.25	0.9444444444444444	0.9444444444444444
Вест Бромвич Альбион	Сток Сити	0.8	0.7	0.0	1.0	1.0	0.5757575757575758	0.625	0.5	0.0	0.0
Вест Бромвич Альбион	Астон Вилла	0.4	0.1	0.5	0.0	1.0	0.75	0.6707317073170732	0.5	0.9791666666666666	0.6875
Вест Бромвич Альбион	Ньюкасл Юнайтед	0.3	0.4	0.5	1.0	1.0	0.6194029850746269	0.5701754385964912	0.0	1.0	1.0
Вест Бромвич Альбион	Сандерленд	0.3	0.5	1.0	0.8	1.0	0.5625	0.5833333333333334	1.0	0.8611111111111112	0.8611111111111112
Вест Бромвич Альбион	Уиган Атлетик	0.4	0.4	0.0	1.0	1.0	0.676056338028169	0.6333333333333333	0.75	1.0	1.0
Вест Бромвич Альбион	Куинз Парк Рейнджерс	0.6	0.2	1.0	0.4	1.0	0.8529411764705883	0.8214285714285714	0.75	0.0	0.0
Суонси Сити	Манчестер Юнайтед	0.5	1.0	0.5	1.0	1.0	0.2857142857142857	0.2121212121212121	0.0	0.8888888888888888	0.9523809523809524
Суонси Сити	Манчестер Сити	0.2	0.8	0.5	1.0	1.0	0.28169014084507044	0.2583333333333333	0.5	1.0	1.0
Суонси Сити	Челси	0.3	0.8	0.5	1.0	1.0	0.27083333333333337	0.21052631578947367	0.25	0.0	0.0
Суонси Сити	Арсенал	0.4	0.7	0.0	1.0	1.0	0.3650793650793651	0.4270833333333333	0.25	0.8148148148148148	0.925925925925926
Суонси Сити	Тоттенхэм Хотспур	0.4	0.6	0.0	1.0	0.0	0.4047619047619048	0.3627450980392157	0.0	0.6666666666666667	0.9583333333333334
Суонси Сити	Ливерпуль	0.6	0.7	0.5	1.0	1.0	0.5161290322580645	0.5192307692307693	1.0	0.0	0.0
Суонси Сити	Вест Бромвич Альбион	0.5	0.8	1.0	1.0	1.0	0.4032258064516129	0.32	1.0	0.0	0.0
Суонси Сити	Норвич Сити	0.8	0.7	0.0	1.0	1.0	0.7121212121212122	0.5666666666666667	0.0	0.9565217391304348	0.9420289855072465
Суонси Сити	Фулхэм	0.4	0.0	0.0	1.0	0.2	0.5833333333333334	0.5476190476190477	1.0	1.0	1.0
Суонси Сити	Сток Сити	0.6	0.4	1.0	1.0	1.0	0.5769230769230769	0.5121951219512195	0.0	0.9166666666666666	0.8958333333333334
Суонси Сити	Саутгемптон	0.3	0.8	0.5	1.0	1.0	0.5597014925373134	0.5263157894736842	0.25	1.0	1.0
Суонси Сити	Астон Вилла	0.4	0.3	0.5	1.0	1.0	0.8152173913043479	0.6282051282051282	0.5	0.9074074074074074	0.9814814814814816
Суонси Сити	Ньюкасл Юнайтед	0.5	0.6	1.0	1.0	1.0	0.6186440677966102	0.5686274509803921	0.5	0.8484848484848485	0.8181818181818181
Суонси Сити	Уиган Атлетик	0.2	0.2	1.0	0.6	1.0	0.6521739130434783	0.5882352941176471	0.75	0.0	0.0
Суонси Сити	Куинз Парк Рейнджерс	0.5	0.6	1.0	1.0	1.0	0.7272727272727273	0.6888888888888889	0.5	0.8205128205128205	0.8974358974358975
Вест Хэм Юнайтед	Манчестер Юнайтед	0.6	0.8	0.5	1.0	1.0	0.13432835820895522	0.125	0.25	0.8666666666666667	0.5
Вест Хэм Юнайтед	Манчестер Сити	0.5	0.9	0.5	0.0	1.0	0.35416666666666663	0.3157894736842105	0.0	0.0	0.0
Вест Хэм Юнайтед	Челси	0.4	0.4	1.0	1.0	1.0	0.33333333333333337	0.375	0.0	0.0	0.0
Вест Хэм Юнайтед	Арсенал	0.6	0.6	0.0	1.0	1.0	0.38235294117647056	0.5714285714285714	0.0	0.0	0.0
Вест Хэм Юнайтед	Тоттенхэм Хотспур	0.3	0.7	0.0	0.0	1.0	0.3082191780821918	0.296875	0.25	0.8055555555555556	0.9722222222222222
Вест Хэм Юнайтед	Эвертон	0.3	0.6	0.0	1.0	1.0	0.4117647058823529	0.4393939393939394	0.5	0.9365079365079364	0.9682539682539684
Вест Хэм Юнайтед	Ливерпуль	0.5	0.6	0.0	1.0	1.0	0.5151515151515151	0.5517241379310345	0.5	0.9710144927536232	0.9420289855072465
Вест Хэм Юнайтед	Вест Бромвич Альбион	0.4	0.7	1.0	0.6	1.0	0.3968253968253969	0.392156862745098	0.5	0.875	0.8333333333333334
Вест Хэм Юнайтед	Суонси Сити	0.3	0.7	1.0	1.0	1.0	0.35185185185185186	0.41860465116279066	0.0	0.8333333333333333	0.9047619047619048
Вест Хэм Юнайтед	Норвич Сити	0.3	0.4	1.0	1.0	1.0	0.5869565217391304	0.4743589743589744	0.25	0.9074074074074074	0.8703703703703703
Вест Хэм Юнайтед	Сток Сити	0.5	0.4	0.5	0.4	1.0	0.5205479452054794	0.53125	0.5	0.0	0.0
Вест Хэм Юнайтед	Ньюкасл Юнайтед	0.5	0.3	0.5	1.0	1.0	0.6056338028169014	0.5416666666666666	0.5	1.0	1.0
Вест Хэм Юнайтед	Уиган Атлетик	0.5	0.5	1.0	1.0	1.0	0.5895522388059702	0.5701754385964912	0.0	1.0	1.0
Вест Хэм Юнайтед	Рединг	0.4	0.4	1.0	1.0	1.0	0.625	0.6190476190476191	0.25	1.0	1.0
Вест Хэм Юнайтед	Куинз Парк Рейнджерс	0.3	0.3	0.5	1.0	1.0	0.6538461538461539	0.6463414634146342	0.5	0.8541666666666666	0.8958333333333334
Норвич Сити	Манчестер Юнайтед	0.6	1.0	1.0	1.0	1.0	0.07407407407407407	0.15217391304347827	0.0	0.0	0.0
Норвич Сити	Манчестер Сити	0.6	0.5	0.0	1.0	0.0	0.18292682926829268	0.3055555555555556	0.0	0.8596491228070176	0.9298245614035088
Норвич Сити	Челси	0.7	0.6	0.0	1.0	1.0	0.1388888888888889	0.3970588235294118	0.25	0.9166666666666666	0.9666666666666668
Норвич Сити	Арсенал	0.2	0.7	1.0	1.0	1.0	0.06521739130434784	0.2352941176470588	0.25	0.0	0.0
Норвич Сити	Тоттенхэм Хотспур	0.1	0.8	0.5	1.0	1.0	0.2452830188679245	0.3125	0.75	0.8666666666666667	0.9333333333333332
Норвич Сити	Эвертон	0.4	0.5	1.0	1.0	1.0	0.29464285714285715	0.36458333333333337	0.5	0.8611111111111112	0.9444444444444444
Норвич Сити	Ливерпуль	0.3	0.2	0.0	1.0	1.0	0.5	0.5416666666666666	0.25	0.0	0.0
Норвич Сити	Вест Бромвич Альбион	0.3	0.3	1.0	1.0	0.2	0.3428571428571429	0.4166666666666667	0.5	1.0	1.0
Норвич Сити	Суонси Сити	0.4	0.2	0.5	1.0	1.0	0.3461538461538461	0.4444444444444444	1.0	0.8095238095238095	0.5238095238095237
Норвич Сити	Фулхэм	0.3	0.5	0.5	1.0	1.0	0.4181818181818182	0.5	0.0	0.8717948717948718	0.8717948717948718
Норвич Сити	Сток Сити	0.3	0.4	1.0	1.0	1.0	0.29166666666666663	0.4473684210526316	0.25	0.0	0.0
Норвич Сити	Саутгемптон	0.5	0.3	0.5	1.0	1.0	0.453125	0.5490196078431373	0.25	0.7333333333333334	0.9
Норвич Сити	Астон Вилла	0.3	0.5	0.0	1.0	1.0	0.5070422535211268	0.5083333333333333	0.25	1.0	1.0
Норвич Сити	Ньюкасл Юнайтед	0.2	0.2	0.5	1.0	1.0	0.52	0.5641025641025641	0.0	0.8627450980392157	0.9607843137254902
Норвич Сити	Сандерленд	0.7	0.3	1.0	1.0	1.0	0.42424242424242425	0.55	0.5	0.0	0.0
Норвич Сити	Уиган Атлетик	0.8	0.3	1.0	1.0	1.0	0.5909090909090909	0.609375	0.5	0.9393939393939394	0.8333333333333334
Норвич Сити	Рединг	0.3	0.1	1.0	1.0	1.0	0.5447761194029851	0.5964912280701754	0.25	1.0	1.0
Фулхэм	Манчестер Юнайтед	0.5	0.9	0.0	1.0	1.0	0.1944444444444444	0.13953488372093026	0.0	0.8095238095238095	0.8333333333333333
Фулхэм	Манчестер Сити	0.6	0.7	0.0	0.6	1.0	0.5666666666666667	0.5	0.25	0.0	0.0
Фулхэм	Челси	0.6	0.6	0.0	1.0	0.2	0.26119402985074625	0.3392857142857143	0.5	0.8	0.9333333333333332
Фулхэм	Арсенал	0.5	0.9	0.0	1.0	1.0	0.23134328358208955	0.32456140350877194	0.75	1.0	1.0
Фулхэм	Тоттенхэм Хотспур	0.3	0.4	0.0	1.0	0.8	0.5	0.3928571428571429	0.0	0.0	0.0
Фулхэм	Эвертон	0.6	0.7	0.5	1.0	1.0	0.4791666666666667	0.4473684210526316	0.0	0.0	0.0
Фулхэм	Ливерпуль	0.1	0.6	0.0	0.0	1.0	0.2428571428571429	0.375	0.5	1.0	1.0
Фулхэм	Суонси Сити	0.3	0.4	0.0	1.0	1.0	0.3902439024390244	0.4444444444444444	0.0	0.912280701754386	0.8596491228070176
Фулхэм	Вест Хэм Юнайтед	0.4	0.3	1.0	1.0	1.0	0.4863013698630137	0.4765625	0.0	0.9111111111111112	0.8444444444444444
Фулхэм	Сток Сити	0.4	0.3	1.0	1.0	1.0	0.4910714285714286	0.4583333333333333	0.5	0.8611111111111112	0.75
Фулхэм	Саутгемптон	0.3	0.5	0.5	1.0	1.0	0.5833333333333334	0.5735294117647058	0.25	0.9166666666666666	0.75
Фулхэм	Астон Вилла	0.5	0.4	1.0	1.0	1.0	0.7173913043478259	0.6470588235294118	0.25	0.0	0.0
Фулхэм	Ньюкасл Юнайтед	0.2	0.2	1.0	1.0	1.0	0.5757575757575758	0.546875	0.5	0.927536231884058	0.9710144927536232
Фулхэм	Сандерленд	0.6	0.2	0.0	1.0	1.0	0.6551724137931034	0.6458333333333334	0.75	0.0	0.0
Фулхэм	Уиган Атлетик	0.3	0.2	0.5	1.0	1.0	0.62	0.5769230769230769	1.0	0.8823529411764706	0.6862745098039216
Фулхэм	Рединг	0.1	0.2	0.0	1.0	1.0	0.6338028169014085	0.625	0.75	1.0	1.0
Фулхэм	Куинз Парк Рейнджерс	0.6	0.4	1.0	1.0	1.0	0.6384615384615384	0.6203703703703703	0.5	0.75	0.7083333333333333
Сток Сити	Манчестер Юнайтед	0.1	0.8	0.0	1.0	1.0	0.12307692307692307	0.0943396226415094	0.0	0.8333333333333334	0.33333333333333337
Сток Сити	Челси	0.5	0.8	0.0	1.0	0.0	0.31	0.3846153846153846	0.0	0.9019607843137256	0.9803921568627452
Сток Сити	Тоттенхэм Хотспур	0.5	0.7	0.0	1.0	1.0	0.3	0.29166666666666663	0.5	1.0	1.0
Сток Сити	Эвертон	0.8	0.5	0.5	1.0	0.8	0.42424242424242425	0.453125	0.75	0.9545454545454546	0.9545454545454546
Сток Сити	Ливерпуль	0.7	0.6	1.0	1.0	1.0	0.4722222222222222	0.5	0.25	0.9166666666666666	0.9166666666666666
Сток Сити	Вест Бромвич Альбион	0.2	0.6	0.5	1.0	1.0	0.42063492063492064	0.3958333333333333	0.5	0.7777777777777778	0.925925925925926
Сток Сити	Суонси Сити	0.4	0.5	1.0	1.0	0.2	0.3666666666666667	0.375	0.5	0.0	0.0
Сток Сити	Вест Хэм Юнайтед	0.3	0.2	0.0	1.0	0.2	0.5338983050847458	0.5294117647058824	0.75	0.7272727272727273	0.8181818181818181
Сток Сити	Норвич Сити	0.3	0.4	1.0	1.0	1.0	0.5633802816901409	0.4916666666666666	0.5	1.0	1.0
Сток Сити	Фулхэм	0.4	0.5	1.0	1.0	1.0	0.4310344827586207	0.4375	0.5	0.0	0.0
Сток Сити	Астон Вилла	0.1	0.4	0.0	1.0	1.0	0.6307692307692307	0.537037037037037	0.5	0.8095238095238095	0.0
Сток Сити	Ньюкасл Юнайтед	0.6	0.3	1.0	1.0	1.0	0.5967741935483871	0.54	0.0	0.0	0.0
Сток Сити	Сандерленд	0.4	0.5	0.5	1.0	1.0	0.5208333333333334	0.5	0.0	0.0	0.0
Сток Сити	Уиган Атлетик	0.3	0.3	0.5	1.0	1.0	0.625	0.6219512195121951	0.25	0.8222222222222222	0.9777777777777776
Сток Сити	Рединг	0.1	0.7	1.0	1.0	1.0	0.5727272727272728	0.5777777777777777	0.25	0.8205128205128205	0.9487179487179488
Сток Сити	Куинз Парк Рейнджерс	0.4	0.2	1.0	1.0	1.0	0.6730769230769231	0.625	0.0	0.0	0.0
Саутгемптон	Манчестер Сити	0.5	0.8	1.0	1.0	1.0	0.16363636363636366	0.17777777777777776	0.0	0.9743589743589745	0.8205128205128205
Саутгемптон	Челси	0.5	0.6	1.0	1.0	0.8	0.19841269841269846	0.2647058823529412	0.25	0.9583333333333334	0.9583333333333334
Саутгемптон	Арсенал	0.4	0.8	0.5	1.0	1.0	0.18478260869565216	0.2948717948717949	0.0	0.9814814814814816	0.9444444444444444
Саутгемптон	Эвертон	0.6	0.7	0.5	1.0	1.0	0.3219178082191781	0.328125	0.0	0.9583333333333334	0.8125
Саутгемптон	Ливерпуль	0.4	0.7	1.0	1.0	1.0	0.24603174603174605	0.32291666666666663	0.0	0.962962962962963	0.925925925925926
Саутгемптон	Вест Бромвич Альбион	0.8	0.4	0.0	1.0	1.0	0.4577464788732394	0.45	0.0	1.0	1.0
Саутгемптон	Вест Хэм Юнайтед	0.7	0.5	0.5	1.0	1.0	0.5153846153846153	0.5	0.0	0.6666666666666667	0.6666666666666667
Саутгемптон	Сток Сити	0.3	0.5	0.5	1.0	1.0	0.5	0.4920634920634921	0.25	1.0	1.0
Саутгемптон	Куинз Парк Рейнджерс	0.4	0.3	0.0	1.0	1.0	0.6101694915254238	0.5980392156862745	0.5	0.9090909090909092	0.7878787878787878
Астон Вилла	Манчестер Юнайтед	0.4	0.8	0.0	1.0	1.0	0.15384615384615385	0.125	0.0	0.0	0.0
Астон Вилла	Манчестер Сити	0.4	0.6	0.0	1.0	0.2	0.13013698630136988	0.2109375	0.5	0.9393939393939394	0.9090909090909092
Астон Вилла	Челси	0.7	0.8	0.0	1.0	1.0	0.10714285714285716	0.2583333333333333	0.0	1.0	1.0
Астон Вилла	Арсенал	0.3	0.5	0.5	1.0	0.8	0.1206896551724138	0.29166666666666663	0.0	0.0	0.0
Астон Вилла	Тоттенхэм Хотспур	0.6	0.7	0.0	1.0	1.0	0.1944444444444444	0.32352941176470584	0.25	0.95	0.9666666666666668
Астон Вилла	Ливерпуль	0.6	0.6	0.0	1.0	0.0	0.1640625	0.3611111111111111	0.75	0.125	0.75
Астон Вилла	Вест Бромвич Альбион	0.3	0.7	0.5	1.0	0.2	0.29411764705882354	0.2857142857142857	0.25	0.0	0.0
Астон Вилла	Вест Хэм Юнайтед	0.3	0.3	1.0	1.0	1.0	0.3363636363636364	0.4	0.5	0.9487179487179488	0.8205128205128205
Астон Вилла	Норвич Сити	0.3	0.3	0.5	1.0	1.0	0.5833333333333334	0.4736842105263158	0.5	0.0	0.0
Астон Вилла	Фулхэм	0.6	0.7	0.5	1.0	1.0	0.3461538461538461	0.4444444444444444	0.5	0.8888888888888888	0.5555555555555556
Астон Вилла	Сток Сити	0.4	0.9	0.5	1.0	1.0	0.30303030303030304	0.3666666666666667	0.5	0.9855072463768116	0.9855072463768116
Астон Вилла	Саутгемптон	0.3	0.5	0.0	1.0	1.0	0.37	0.5128205128205128	0.0	0.9803921568627452	0.6862745098039216
Астон Вилла	Ньюкасл Юнайтед	0.2	0.1	0.0	1.0	1.0	0.3846153846153846	0.4878048780487805	0.25	0.9777777777777776	0.9777777777777776
Астон Вилла	Сандерленд	0.5	0.5	1.0	1.0	1.0	0.35915492957746475	0.475	0.75	1.0	1.0
Астон Вилла	Уиган Атлетик	0.4	0.1	0.0	1.0	1.0	0.4390243902439024	0.5416666666666666	0.75	0.9649122807017544	0.9824561403508772
Астон Вилла	Рединг	0.4	0.5	1.0	1.0	1.0	0.4354838709677419	0.58	1.0	0.0	0.0
Астон Вилла	Куинз Парк Рейнджерс	0.5	0.5	1.0	1.0	1.0	0.4603174603174604	0.5416666666666666	0.5	0.8888888888888888	0.962962962962963
Ньюкасл Юнайтед	Манчестер Юнайтед	0.5	0.8	0.0	1.0	1.0	0.39130434782608703	0.4117647058823529	0.5	0.0	0.0
Ньюкасл Юнайтед	Манчестер Сити	0.2	0.6	0.0	1.0	1.0	0.18181818181818185	0.25	0.0	0.9696969696969696	0.9393939393939394
Ньюкасл Юнайтед	Челси	0.3	0.6	1.0	1.0	0.8	0.15740740740740738	0.2441860465116279	0.5	0.9047619047619048	0.9047619047619048
Ньюкасл Юнайтед	Арсенал	0.4	0.8	0.0	1.0	1.0	0.1111111111111111	0.2698412698412699	0.0	1.0	1.0
Ньюкасл Юнайтед	Эвертон	0.2	0.7	0.0	1.0	1.0	0.2397260273972603	0.328125	0.25	0.962962962962963	0.8333333333333334
Ньюкасл Юнайтед	Ливерпуль	0.3	0.5	0.0	1.0	0.8	0.24647887323943665	0.3833333333333333	0.75	1.0	1.0
Ньюкасл Юнайтед	Вест Бромвич Альбион	0.5	0.5	1.0	1.0	0.8	0.375	0.3947368421052632	0.5	0.0	0.0
Ньюкасл Юнайтед	Суонси Сити	0.4	0.5	0.0	1.0	1.0	0.4259259259259259	0.5217391304347826	0.75	0.0	0.0
Ньюкасл Юнайтед	Вест Хэм Юнайтед	0.5	0.5	0.0	1.0	0.2	0.4259259259259259	0.4782608695652174	1.0	0.0	0.0
Ньюкасл Юнайтед	Фулхэм	0.4	0.8	1.0	1.0	1.0	0.40909090909090906	0.4444444444444444	0.0	0.9047619047619048	0.6190476190476191
Ньюкасл Юнайтед	Сток Сити	0.6	0.3	1.0	1.0	1.0	0.4682539682539682	0.46875	0.5	0.9	0.8
Ньюкасл Юнайтед	Саутгемптон	0.5	0.5	1.0	1.0	1.0	0.4745762711864407	0.5	0.0	0.9166666666666666	0.9166666666666666
Ньюкасл Юнайтед	Сандерленд	0.4	0.2	0.0	1.0	1.0	0.4769230769230769	0.5471698113207547	0.5	1.0	1.0
Ньюкасл Юнайтед	Уиган Атлетик	0.1	0.4	1.0	1.0	1.0	0.5205479452054794	0.5390625	0.5	0.0	0.0
Ньюкасл Юнайтед	Рединг	0.3	0.5	0.0	1.0	1.0	0.5384615384615384	0.5609756097560976	0.75	0.9583333333333334	0.9375
Ньюкасл Юнайтед	Куинз Парк Рейнджерс	0.2	0.5	1.0	1.0	1.0	0.6176470588235294	0.6060606060606061	0.75	0.9682539682539684	0.9206349206349206
Сандерленд	Манчестер Юнайтед	0.2	1.0	0.0	1.0	1.0	0.12698412698412698	0.0784313725490196	0.0	0.9583333333333334	0.375
Сандерленд	Манчестер Сити	0.4	0.7	1.0	1.0	1.0	0.16666666666666669	0.2058823529411765	0.25	0.9333333333333332	0.9333333333333332
Сандерленд	Челси	0.3	0.3	0.0	1.0	1.0	0.28787878787878785	0.2833333333333333	0.0	0.9855072463768116	0.9565217391304348
Сандерленд	Арсенал	0.5	0.5	0.0	1.0	1.0	0.2727272727272727	0.3666666666666667	0.75	0.8461538461538461	0.9743589743589745
Сандерленд	Тоттенхэм Хотспур	0.6	0.7	0.0	1.0	1.0	0.3414634146341463	0.3472222222222222	0.25	0.8947368421052632	0.9649122807017544
Сандерленд	Эвертон	0.3	0.8	1.0	1.0	1.0	0.33582089552238803	0.30701754385964913	0.0	1.0	1.0
Сандерленд	Вест Бромвич Альбион	0.4	0.6	0.0	1.0	1.0	0.3620689655172414	0.27083333333333337	0.25	0.0	0.0
Сандерленд	Суонси Сити	0.6	0.7	0.5	1.0	1.0	0.3942307692307692	0.4390243902439024	0.75	0.8222222222222222	0.9111111111111112
Сандерленд	Вест Хэм Юнайтед	0.4	0.3	1.0	1.0	1.0	0.42	0.4487179487179487	0.75	0.9215686274509804	0.8431372549019608
Сандерленд	Норвич Сити	0.1	0.5	0.5	1.0	1.0	0.5714285714285714	0.4705882352941176	0.5	0.7777777777777778	0.8888888888888888
Сандерленд	Фулхэм	0.3	0.5	0.5	1.0	1.0	0.4830508474576271	0.4705882352941176	0.5	0.8484848484848485	0.7575757575757576
Сандерленд	Сток Сити	0.4	0.4	0.5	1.0	1.0	0.4857142857142857	0.475	0.75	1.0	1.0
Сандерленд	Саутгемптон	0.5	0.4	0.5	1.0	1.0	0.4928571428571429	0.4916666666666666	0.5	1.0	1.0
Сандерленд	Астон Вилла	0.5	0.2	0.0	1.0	1.0	0.6041666666666666	0.5789473684210527	0.5	0.0	0.0
Сандерленд	Ньюкасл Юнайтед	0.5	0.5	0.5	1.0	1.0	0.5208333333333334	0.45	0.25	1.0	1.0
Сандерленд	Рединг	0.3	0.2	1.0	1.0	1.0	0.5303030303030303	0.5625	0.5	0.0	0.0
Сандерленд	Куинз Парк Рейнджерс	0.3	0.1	0.5	1.0	1.0	0.6935483870967742	0.6538461538461539	1.0	0.0	0.0
Уиган Атлетик	Манчестер Юнайтед	0.3	0.9	0.0	1.0	1.0	0.11956521739130432	0.1025641025641026	0.5	0.9814814814814816	0.8703703703703703
Уиган Атлетик	Манчестер Сити	0.6	0.8	0.0	1.0	1.0	0.10273972602739727	0.171875	0.0	0.0	0.0
Уиган Атлетик	Арсенал	0.3	0.6	0.0	1.0	1.0	0.10294117647058826	0.3181818181818182	0.5	0.8095238095238095	0.9682539682539684
Уиган Атлетик	Тоттенхэм Хотспур	0.5	0.5	0.5	1.0	0.6	0.2183098591549296	0.25	0.5	1.0	1.0
Уиган Атлетик	Эвертон	0.3	0.7	0.5	1.0	1.0	0.14705882352941174	0.17857142857142855	0.25	0.0	0.0
Уиган Атлетик	Ливерпуль	0.4	0.6	0.0	1.0	1.0	0.22033898305084748	0.3529411764705882	0.5	0.4545454545454546	0.9090909090909092
Уиган Атлетик	Вест Бромвич Альбион	0.5	0.5	0.0	1.0	1.0	0.3269230769230769	0.35	0.75	0.0	0.0
Уиган Атлетик	Суонси Сити	0.4	0.3	0.0	1.0	1.0	0.35	0.43333333333333335	0.0	0.8333333333333334	0.7222222222222222
Уиган Атлетик	Вест Хэм Юнайтед	0.1	0.6	1.0	1.0	1.0	0.29166666666666663	0.2631578947368421	1.0	0.0	0.0
Уиган Атлетик	Норвич Сити	0.5	0.5	1.0	1.0	1.0	0.4761904761904762	0.4313725490196079	0.25	0.875	0.8333333333333334
Уиган Атлетик	Саутгемптон	0.4	0.5	0.5	1.0	1.0	0.4351851851851852	0.4651162790697674	0.5	0.5714285714285714	0.9285714285714286
Уиган Атлетик	Астон Вилла	0.3	0.5	0.5	1.0	1.0	0.4722222222222222	0.4603174603174604	0.75	1.0	1.0
Уиган Атлетик	Ньюкасл Юнайтед	0.4	0.6	1.0	1.0	1.0	0.4047619047619048	0.4117647058823529	0.5	0.7777777777777778	0.8888888888888888
Уиган Атлетик	Сандерленд	0.3	0.6	0.0	1.0	1.0	0.3846153846153846	0.4268292682926829	0.0	0.6875	0.875
Уиган Атлетик	Рединг	0.4	0.5	1.0	1.0	1.0	0.4310344827586207	0.5416666666666666	0.25	0.0	0.0
Уиган Атлетик	Куинз Парк Рейнджерс	0.2	0.2	0.5	1.0	1.0	0.5454545454545454	0.6333333333333333	0.5	0.9855072463768116	0.9130434782608696
Рединг	Манчестер Юнайтед	0.4	0.8	0.0	1.0	0.4	0.16666666666666669	0.07142857142857145	0.25	0.0	0.0
Рединг	Манчестер Сити	0.4	0.7	0.0	1.0	1.0	0.10416666666666667	0.12698412698412698	0.0	1.0	1.0
Рединг	Челси	0.7	0.7	0.5	1.0	0.6	0.04794520547945208	0.1328125	0.0	0.8222222222222222	0.9555555555555556
Рединг	Арсенал	0.0	0.6	0.0	1.0	1.0	0.0547945205479452	0.1484375	0.0	0.8787878787878788	0.9848484848484848
Рединг	Эвертон	0.4	0.6	1.0	1.0	1.0	0.2592592592592593	0.19565217391304346	0.5	0.0	0.0
Рединг	Ливерпуль	0.0	0.7	0.5	1.0	0.4	0.14615384615384613	0.2592592592592593	0.0	0.5555555555555556	0.8333333333333334
Рединг	Вест Бромвич Альбион	0.3	0.5	1.0	1.0	1.0	0.31	0.2435897435897436	0.5	0.9019607843137256	0.9803921568627452
Рединг	Суонси Сити	0.0	0.5	0.5	1.0	1.0	0.2222222222222222	0.2794117647058824	0.25	0.9	0.9
Рединг	Вест Хэм Юнайтед	0.1	0.3	1.0	1.0	1.0	0.3048780487804878	0.3194444444444444	0.25	0.912280701754386	0.8771929824561403
Рединг	Фулхэм	0.2	0.7	0.5	1.0	1.0	0.27083333333333337	0.2368421052631579	0.0	0.0	0.0
Рединг	Саутгемптон	0.0	0.5	0.0	1.0	1.0	0.3769230769230769	0.39814814814814814	0.0	0.6666666666666666	0.8095238095238095
Рединг	Астон Вилла	0.3	0.3	0.0	1.0	1.0	0.5546875	0.4901960784313725	0.0	0.9666666666666668	0.30000000000000004
Рединг	Сандерленд	0.7	0.5	1.0	1.0	1.0	0.39814814814814814	0.3953488372093023	0.5	0.5714285714285714	0.7857142857142857
Рединг	Уиган Атлетик	0.7	0.3	0.0	1.0	1.0	0.5535714285714286	0.5208333333333334	0.25	0.9722222222222222	0.9444444444444444
Рединг	Куинз Парк Рейнджерс	0.1	0.1	0.5	1.0	1.0	0.4929577464788733	0.5	0.75	1.0	1.0
Куинз Парк Рейнджерс	Манчестер Юнайтед	0.4	0.9	0.0	1.0	1.0	0.0267857142857143	0.0	0.0	0.8333333333333334	0.6666666666666667
Куинз Парк Рейнджерс	Манчестер Сити	0.4	0.8	0.5	1.0	0.8	0.06730769230769229	0.06097560975609756	0.0	0.9111111111111112	0.8888888888888888
Куинз Парк Рейнджерс	Арсенал	0.2	0.8	0.0	1.0	1.0	0.09859154929577464	0.175	0.5	1.0	1.0
Куинз Парк Рейнджерс	Тоттенхэм Хотспур	0.4	0.9	0.5	1.0	1.0	0.19	0.16666666666666669	0.5	0.9019607843137256	0.9803921568627452
Куинз Парк Рейнджерс	Эвертон	0.1	0.6	0.5	1.0	1.0	0.16666666666666669	0.2	0.75	0.0	0.0
Куинз Парк Рейнджерс	Ливерпуль	0.4	0.6	0.0	1.0	1.0	0.2934782608695652	0.3076923076923077	0.5	0.8771929824561403	0.8771929824561403
Куинз Парк Рейнджерс	Вест Бромвич Альбион	0.5	0.3	0.0	1.0	1.0	0.2222222222222222	0.2058823529411765	0.0	0.9166666666666666	0.9666666666666668
Куинз Парк Рейнджерс	Норвич Сити	0.5	0.2	0.5	1.0	1.0	0.462962962962963	0.372093023255814	0.25	0.9047619047619048	0.8333333333333333
Куинз Парк Рейнджерс	Фулхэм	0.3	0.3	1.0	1.0	1.0	0.2575757575757576	0.296875	0.0	0.8787878787878788	0.9242424242424242
Куинз Парк Рейнджерс	Сток Сити	0.3	0.1	0.0	1.0	1.0	0.41044776119402987	0.412280701754386	0.5	1.0	1.0
Куинз Парк Рейнджерс	Астон Вилла	0.2	0.5	0.5	1.0	1.0	0.42424242424242425	0.35714285714285715	0.5	0.0	0.0
Куинз Парк Рейнджерс	Ньюкасл Юнайтед	0.2	0.4	0.0	1.0	1.0	0.4642857142857143	0.39166666666666666	0.0	1.0	1.0
Куинз Парк Рейнджерс	Сандерленд	0.4	0.2	1.0	1.0	1.0	0.375	0.4019607843137255	0.25	0.8666666666666667	0.8
Куинз Парк Рейнджерс	Уиган Атлетик	0.4	0.6	0.5	1.0	1.0	0.4772727272727273	0.4351851851851852	0.75	0.6666666666666666	0.9523809523809524
Куинз Парк Рейнджерс	Рединг	0.1	0.3	0.5	1.0	1.0	0.3958333333333333	0.4761904761904762	0.0	0.0	0.0
