name1	name2	form1	form2	result	concentration1	concentration2	goal_diff	score_diff	history	motivation1	motivation2
Манчестер Сити	Ливерпуль	0.9	0.8	1.0	1.0	0.8	0.5816326530612245	0.4807692307692308	0.5	0.9841269841269842	0.9841269841269842
Манчестер Сити	Челси	1.0	0.9	0.0	1.0	1.0	0.5954545454545455	0.5357142857142857	0.5	0.9555555555555556	0.9555555555555556
Манчестер Сити	Арсенал	0.7	0.7	1.0	0.8	1.0	0.5795454545454546	0.3888888888888889	0.5	0.9855072463768116	0.927536231884058
Манчестер Сити	Эвертон	0.5	0.8	1.0	0.0	1.0	0.6176470588235294	0.4285714285714286	0.25	0.0	0.0
Манчестер Сити	Тоттенхэм Хотспур	0.6	0.5	1.0	0.0	0.8	0.703125	0.4761904761904762	0.5	0.0	0.0
Манчестер Сити	Саутгемптон	0.9	0.6	1.0	1.0	1.0	0.7287234042553191	0.7021276595744681	0.25	0.8888888888888888	0.5555555555555556
Манчестер Сити	Сток Сити	0.7	0.4	1.0	1.0	0.8	0.8767123287671232	0.8648648648648649	0.75	0.9722222222222222	0.9166666666666666
Манчестер Сити	Суонси Сити	0.6	0.6	1.0	0.2	1.0	0.7763157894736843	0.6458333333333334	0.75	0.0	0.0
Манчестер Сити	Вест Хэм Юнайтед	0.9	0.2	1.0	1.0	1.0	0.8333333333333333	0.9056603773584906	1.0	1.0	1.0
Манчестер Сити	Сандерленд	0.7	0.0	0.5	1.0	1.0	0.9202127659574468	0.9326923076923076	0.5	0.9230769230769232	0.8717948717948718
Манчестер Сити	Астон Вилла	0.7	0.3	1.0	1.0	0.8	0.8557692307692308	0.9117647058823528	0.5	0.9666666666666668	0.9
Манчестер Сити	Вест Бромвич Альбион	0.6	0.6	1.0	1.0	1.0	0.8385416666666667	0.8725490196078431	1.0	1.0	1.0
Манчестер Сити	Норвич Сити	0.6	0.3	1.0	0.6	1.0	0.8400000000000001	0.7105263157894737	0.5	0.0	0.0
Манчестер Сити	Фулхэм	0.7	0.3	1.0	1.0	1.0	1.0	0.9285714285714286	1.0	0.9166666666666666	0.9583333333333334
Манчестер Сити	Кардифф Сити	1.0	0.1	1.0	1.0	1.0	0.9583333333333331	0.967741935483871	0.0	0.9803921568627452	0.5686274509803921
Ливерпуль	Манчестер Сити	1.0	0.9	1.0	1.0	1.0	0.4736842105263158	0.5408163265306123	0.25	1.0	1.0
Ливерпуль	Челси	1.0	0.6	0.0	1.0	0.0	0.5561224489795918	0.5490196078431373	0.25	1.0	1.0
Ливерпуль	Арсенал	0.8	0.9	1.0	1.0	1.0	0.5208333333333334	0.3888888888888889	0.25	0.9523809523809524	0.9523809523809524
Ливерпуль	Эвертон	0.5	0.6	1.0	1.0	0.8	0.6363636363636364	0.5588235294117647	0.5	1.0	1.0
Ливерпуль	Тоттенхэм Хотспур	1.0	0.4	1.0	1.0	0.8	0.7445652173913043	0.6333333333333333	1.0	0.9523809523809524	0.9523809523809524
Ливерпуль	Ньюкасл Юнайтед	0.7	0.2	1.0	1.0	1.0	0.8009259259259259	0.8018867924528301	0.75	1.0	1.0
Ливерпуль	Суонси Сити	0.8	0.5	1.0	1.0	1.0	0.75	0.8205128205128205	0.75	0.9166666666666666	0.9166666666666666
Ливерпуль	Вест Хэм Юнайтед	0.5	0.3	1.0	0.2	1.0	0.686046511627907	0.7692307692307692	0.75	0.0	0.0
Ливерпуль	Сандерленд	1.0	0.3	1.0	1.0	1.0	0.8181818181818181	0.9107142857142856	1.0	0.9333333333333332	0.9333333333333332
Ливерпуль	Астон Вилла	0.6	0.3	0.5	1.0	1.0	0.7666666666666666	0.8064516129032258	1.0	0.9803921568627452	0.9019607843137256
Ливерпуль	Халл Сити	0.6	0.5	1.0	1.0	1.0	0.7	0.7321428571428572	0.25	0.9824561403508772	0.8771929824561403
Ливерпуль	Вест Бромвич Альбион	0.6	0.7	1.0	0.6	1.0	0.5961538461538461	0.6944444444444444	0.5	0.0	0.0
Ливерпуль	Норвич Сити	0.5	0.5	1.0	0.0	1.0	0.7560975609756098	0.7173913043478259	1.0	0.0	0.0
Ливерпуль	Фулхэм	0.7	0.4	1.0	1.0	1.0	0.6875	0.7272727272727273	1.0	0.0	0.0
Ливерпуль	Кардифф Сити	0.7	0.4	1.0	0.6	1.0	0.8297872340425532	0.8076923076923077	0.25	0.9848484848484848	0.9545454545454546
Челси	Манчестер Сити	0.7	0.7	1.0	0.8	0.4	0.4615384615384616	0.5238095238095238	0.0	0.0	0.0
Челси	Ливерпуль	0.7	0.8	1.0	0.6	1.0	0.4363636363636364	0.5185185185185185	0.5	0.9833333333333332	0.9833333333333332
Челси	Арсенал	0.7	0.5	1.0	0.0	0.2	0.5506329113924051	0.5476190476190477	0.75	1.0	1.0
Челси	Эвертон	0.8	0.5	1.0	1.0	1.0	0.6095890410958904	0.6621621621621622	0.5	0.9722222222222222	0.8611111111111112
Челси	Тоттенхэм Хотспур	0.9	0.7	1.0	1.0	0.2	0.6710526315789473	0.6190476190476191	0.5	0.8666666666666667	0.8666666666666667
Челси	Манчестер Юнайтед	0.9	0.8	1.0	1.0	1.0	0.578125	0.6363636363636364	0.75	0.9411764705882352	0.9411764705882352
Челси	Саутгемптон	0.7	0.6	1.0	0.4	1.0	0.5394736842105263	0.5416666666666666	0.25	0.0	0.0
Челси	Сток Сити	0.6	0.9	1.0	0.0	1.0	0.7446808510638298	0.8085106382978724	0.5	0.8888888888888888	0.38888888888888895
Челси	Ньюкасл Юнайтед	0.9	0.3	1.0	1.0	0.0	0.6597222222222222	0.7222222222222222	0.0	0.9523809523809524	0.8333333333333333
Челси	Суонси Сити	0.7	0.4	1.0	0.4	1.0	0.6428571428571428	0.7692307692307692	0.75	0.9841269841269842	0.9047619047619048
Челси	Вест Хэм Юнайтед	1.0	0.3	0.5	1.0	1.0	0.7575757575757576	0.9558823529411764	1.0	0.9791666666666666	0.9791666666666666
Челси	Сандерленд	0.6	0.1	0.0	0.4	1.0	0.8563829787234043	0.9803921568627452	0.5	1.0	1.0
Челси	Вест Бромвич Альбион	0.7	0.6	0.5	0.0	1.0	0.625	0.6590909090909091	0.5	0.0	0.0
Челси	Норвич Сити	0.6	0.0	0.5	0.2	1.0	0.8605769230769231	0.96	1.0	1.0	1.0
Челси	Кардифф Сити	0.6	0.4	1.0	0.6	1.0	0.7	0.7	0.5	0.0	0.0
Арсенал	Манчестер Сити	0.5	0.9	0.5	0.6	1.0	0.32065217391304346	0.4666666666666667	0.5	0.8571428571428572	0.9047619047619048
Арсенал	Ливерпуль	0.9	0.7	1.0	1.0	0.8	0.54	0.5526315789473684	0.75	0.0	0.0
Арсенал	Челси	0.7	0.8	0.5	1.0	0.2	0.4227272727272727	0.4732142857142857	0.0	1.0	1.0
Арсенал	Эвертон	0.8	0.7	0.5	1.0	1.0	0.6136363636363636	0.6346153846153846	0.5	0.0	0.0
Арсенал	Манчестер Юнайтед	0.7	0.5	0.5	1.0	0.2	0.5833333333333334	0.6891891891891893	0.25	0.9743589743589745	0.8974358974358975
Арсенал	Саутгемптон	0.7	0.8	1.0	1.0	1.0	0.532258064516129	0.5714285714285714	0.75	0.0	0.0
Арсенал	Ньюкасл Юнайтед	0.6	0.0	1.0	1.0	1.0	0.6799999999999999	0.74	1.0	1.0	1.0
Арсенал	Кристал Пэлас	0.9	0.5	1.0	1.0	1.0	0.773972602739726	0.9264705882352942	0.5	0.9777777777777776	0.9777777777777776
Арсенал	Суонси Сити	0.5	0.2	0.5	0.4	1.0	0.6404494382022472	0.8666666666666667	1.0	0.9666666666666668	0.9666666666666668
Арсенал	Вест Хэм Юнайтед	0.4	0.4	1.0	1.0	1.0	0.6223404255319149	0.7596153846153846	1.0	1.0	1.0
Арсенал	Сандерленд	0.6	0.7	1.0	1.0	1.0	0.7397260273972602	0.9324324324324323	1.0	0.9722222222222222	0.4166666666666666
Арсенал	Халл Сити	0.8	0.4	1.0	1.0	0.2	0.7560975609756098	0.8043478260869565	1.0	0.0	0.0
Арсенал	Вест Бромвич Альбион	0.7	0.6	1.0	1.0	1.0	0.6730769230769231	0.87	0.5	1.0	1.0
Арсенал	Норвич Сити	0.9	0.4	1.0	1.0	1.0	0.75	0.8	0.5	0.0	0.0
Арсенал	Фулхэм	0.9	0.4	1.0	1.0	1.0	0.8833333333333333	0.967741935483871	1.0	0.9803921568627452	0.9803921568627452
Арсенал	Кардифф Сити	0.6	0.3	1.0	1.0	1.0	0.8090909090909091	0.9285714285714286	0.5	0.9824561403508772	0.9649122807017544
Эвертон	Манчестер Сити	0.6	0.7	0.0	1.0	1.0	0.315	0.42	0.5	1.0	1.0
Эвертон	Ливерпуль	0.6	0.7	0.5	1.0	1.0	0.3870967741935484	0.4285714285714286	0.5	1.0	1.0
Эвертон	Арсенал	1.0	0.4	1.0	1.0	0.8	0.4947916666666667	0.4574468085106383	0.25	0.8333333333333334	0.7777777777777778
Эвертон	Тоттенхэм Хотспур	0.8	0.7	0.5	1.0	0.4	0.5	0.4772727272727273	0.75	0.0	0.0
Эвертон	Манчестер Юнайтед	0.8	0.6	1.0	1.0	1.0	0.515625	0.59375	0.5	1.0	1.0
Эвертон	Саутгемптон	0.7	0.4	1.0	0.0	1.0	0.5454545454545454	0.6296296296296297	0.75	0.9666666666666668	0.8833333333333333
Эвертон	Сток Сити	0.7	0.5	1.0	1.0	1.0	0.5789473684210527	0.6904761904761905	0.75	0.0	0.0
Эвертон	Ньюкасл Юнайтед	0.7	0.5	1.0	1.0	0.0	0.6470588235294118	0.5714285714285714	0.75	0.0	0.0
Эвертон	Кристал Пэлас	1.0	0.7	0.0	1.0	1.0	0.6968085106382979	0.7788461538461539	0.25	0.9743589743589745	0.8717948717948718
Эвертон	Суонси Сити	0.6	0.4	1.0	1.0	1.0	0.6075949367088608	0.7619047619047619	1.0	0.9166666666666666	0.9583333333333334
Эвертон	Вест Хэм Юнайтед	0.3	0.9	1.0	1.0	1.0	0.5878378378378378	0.6794871794871795	1.0	0.8484848484848485	0.8181818181818181
Эвертон	Сандерленд	0.9	0.3	0.0	1.0	1.0	0.8163265306122449	0.9615384615384616	0.5	0.9841269841269842	0.9523809523809524
Эвертон	Астон Вилла	0.6	0.6	1.0	1.0	1.0	0.6214285714285714	0.7142857142857143	0.75	0.9777777777777776	0.8666666666666667
Эвертон	Халл Сити	0.7	0.6	1.0	1.0	1.0	0.55	0.5333333333333333	0.5	0.0	0.0
Эвертон	Норвич Сити	0.7	0.3	1.0	0.4	1.0	0.7636363636363637	0.7903225806451613	0.25	0.9814814814814816	0.962962962962963
Эвертон	Фулхэм	0.7	0.2	1.0	1.0	1.0	0.7386363636363636	0.7777777777777778	0.5	0.9855072463768116	0.7971014492753623
Эвертон	Кардифф Сити	0.4	0.3	1.0	1.0	1.0	0.75	0.7555555555555555	0.25	0.8148148148148148	0.14814814814814814
Тоттенхэм Хотспур	Манчестер Сити	0.9	1.0	0.0	1.0	1.0	0.2348484848484849	0.3970588235294118	0.5	0.9791666666666666	0.9791666666666666
Тоттенхэм Хотспур	Ливерпуль	0.5	0.7	0.0	1.0	0.4	0.3191489361702128	0.4423076923076923	0.5	0.9565217391304348	0.9855072463768116
Тоттенхэм Хотспур	Челси	0.8	0.7	0.5	0.4	0.2	0.5	0.5909090909090909	0.25	0.0	0.0
Тоттенхэм Хотспур	Арсенал	0.6	0.5	0.0	0.4	0.0	0.3481012658227848	0.4285714285714286	0.0	1.0	1.0
Тоттенхэм Хотспур	Эвертон	0.7	0.6	1.0	1.0	1.0	0.4097222222222222	0.4864864864864865	0.5	0.9761904761904762	0.9761904761904762
Тоттенхэм Хотспур	Манчестер Юнайтед	0.5	0.8	0.5	1.0	1.0	0.3947368421052632	0.4791666666666667	0.75	0.0	0.0
Тоттенхэм Хотспур	Саутгемптон	0.4	0.6	1.0	0.6	1.0	0.4606741573033708	0.5888888888888889	1.0	0.9583333333333334	0.6666666666666667
Тоттенхэм Хотспур	Сток Сити	0.7	0.6	1.0	1.0	1.0	0.5272727272727272	0.6851851851851851	0.75	0.95	0.9166666666666666
Тоттенхэм Хотспур	Ньюкасл Юнайтед	0.6	0.5	0.0	0.6	0.2	0.59375	0.6428571428571428	0.5	0.0	0.0
Тоттенхэм Хотспур	Кристал Пэлас	0.7	0.3	1.0	1.0	1.0	0.6363636363636364	0.8225806451612903	0.5	0.9814814814814816	0.9814814814814816
Тоттенхэм Хотспур	Вест Хэм Юнайтед	0.7	0.2	0.0	0.6	1.0	0.625	0.7666666666666666	1.0	0.0	0.0
Тоттенхэм Хотспур	Сандерленд	0.4	0.1	1.0	1.0	1.0	0.5833333333333334	0.8163265306122449	1.0	0.9444444444444444	0.8888888888888888
Тоттенхэм Хотспур	Астон Вилла	0.7	0.3	1.0	0.0	1.0	0.5925925925925926	0.7641509433962264	1.0	1.0	1.0
Тоттенхэм Хотспур	Халл Сити	0.7	0.6	1.0	0.2	1.0	0.5961538461538461	0.6190476190476191	0.75	0.0	0.0
Тоттенхэм Хотспур	Вест Бромвич Альбион	0.7	0.1	0.5	1.0	1.0	0.5	0.7692307692307692	0.75	0.9365079365079364	0.9682539682539684
Тоттенхэм Хотспур	Фулхэм	0.5	0.6	1.0	1.0	1.0	0.7127659574468085	0.7941176470588236	0.5	1.0	1.0
Тоттенхэм Хотспур	Кардифф Сити	0.5	0.3	1.0	0.0	1.0	0.7105263157894737	0.8333333333333333	0.5	0.9393939393939394	0.9393939393939394
Манчестер Юнайтед	Манчестер Сити	0.7	0.7	0.0	1.0	1.0	0.3033707865168539	0.3666666666666667	0.0	1.0	1.0
Манчестер Юнайтед	Ливерпуль	0.6	0.9	0.0	0.8	1.0	0.35443037974683544	0.3690476190476191	0.5	1.0	1.0
Манчестер Юнайтед	Арсенал	0.7	0.9	1.0	1.0	1.0	0.359375	0.30952380952380953	0.75	0.0	0.0
Манчестер Юнайтед	Эвертон	0.8	0.7	0.0	1.0	1.0	0.4634146341463415	0.4565217391304348	0.5	0.0	0.0
Манчестер Юнайтед	Тоттенхэм Хотспур	0.8	0.7	0.0	1.0	1.0	0.6090909090909091	0.5	0.5	0.9649122807017544	0.9649122807017544
Манчестер Юнайтед	Саутгемптон	0.4	0.7	0.5	1.0	0.8	0.4	0.3666666666666667	1.0	0.0	0.0
Манчестер Юнайтед	Сток Сити	0.5	0.2	1.0	1.0	1.0	0.5769230769230769	0.5833333333333334	1.0	0.0	0.0
Манчестер Юнайтед	Ньюкасл Юнайтед	0.6	0.8	0.0	1.0	1.0	0.5697674418604651	0.4807692307692308	1.0	0.0	0.0
Манчестер Юнайтед	Суонси Сити	0.8	0.2	1.0	1.0	1.0	0.6	0.7096774193548387	0.5	0.9444444444444444	0.9444444444444444
Манчестер Юнайтед	Вест Хэм Юнайтед	0.4	0.3	1.0	1.0	1.0	0.6276595744680851	0.7115384615384616	0.75	0.9696969696969696	0.9848484848484848
Манчестер Юнайтед	Сандерленд	0.6	0.5	0.0	1.0	1.0	0.7	0.78	0.5	1.0	1.0
Манчестер Юнайтед	Астон Вилла	0.6	0.5	1.0	1.0	1.0	0.6086956521739131	0.6888888888888889	1.0	0.7619047619047619	0.7142857142857143
Манчестер Юнайтед	Халл Сити	0.6	0.3	1.0	0.0	1.0	0.6442307692307692	0.7254901960784313	1.0	1.0	1.0
Манчестер Юнайтед	Вест Бромвич Альбион	0.5	0.4	0.0	1.0	1.0	0.53125	0.5909090909090909	0.75	0.0	0.0
Манчестер Юнайтед	Норвич Сити	0.6	0.2	1.0	1.0	1.0	0.7244897959183674	0.7450980392156863	1.0	1.0	1.0
Манчестер Юнайтед	Фулхэм	0.4	0.2	0.5	0.0	1.0	0.7847222222222222	0.7837837837837838	1.0	0.9047619047619048	0.9047619047619048
Манчестер Юнайтед	Кардифф Сити	0.6	0.1	1.0	1.0	1.0	0.734375	0.7878787878787878	0.25	0.8958333333333334	0.9791666666666666
Саутгемптон	Манчестер Сити	0.3	0.8	0.5	1.0	0.6	0.2558139534883721	0.3846153846153846	0.5	0.0	0.0
Саутгемптон	Ливерпуль	0.6	0.9	0.0	1.0	1.0	0.3040540540540541	0.28205128205128205	1.0	0.8181818181818181	0.9696969696969696
Саутгемптон	Челси	0.4	0.7	0.0	1.0	0.8	0.40909090909090906	0.26785714285714285	0.5	0.8771929824561403	0.9824561403508772
Саутгемптон	Арсенал	0.5	1.0	0.5	1.0	1.0	0.34375	0.19696969696969696	0.25	0.7708333333333334	0.9791666666666666
Саутгемптон	Эвертон	0.3	0.8	1.0	0.2	1.0	0.4081632653061225	0.303921568627451	0.25	1.0	1.0
Саутгемптон	Тоттенхэм Хотспур	0.2	0.5	0.0	1.0	1.0	0.6122448979591837	0.4423076923076923	0.0	0.9090909090909092	0.9545454545454546
Саутгемптон	Манчестер Юнайтед	0.5	0.6	0.5	0.6	0.2	0.4398148148148148	0.4245283018867925	0.25	1.0	1.0
Саутгемптон	Сток Сити	0.6	0.3	0.5	1.0	0.4	0.6458333333333334	0.6388888888888888	0.5	0.7857142857142857	0.9523809523809524
Саутгемптон	Ньюкасл Юнайтед	0.4	0.6	1.0	1.0	0.4	0.5543478260869565	0.4888888888888889	0.25	0.4761904761904762	0.5238095238095237
Саутгемптон	Кристал Пэлас	0.6	0.2	1.0	0.4	1.0	0.65625	0.7272727272727273	0.0	0.0	0.0
Саутгемптон	Суонси Сити	0.6	0.5	1.0	0.6	1.0	0.6	0.6333333333333333	0.5	0.0	0.0
Саутгемптон	Астон Вилла	0.5	0.5	0.0	1.0	1.0	0.5853658536585366	0.6304347826086957	1.0	0.0	0.0
Саутгемптон	Вест Бромвич Альбион	0.3	0.5	1.0	1.0	1.0	0.5636363636363636	0.5967741935483871	0.5	0.8333333333333334	0.9444444444444444
Саутгемптон	Норвич Сити	0.5	0.4	1.0	1.0	1.0	0.6666666666666666	0.6444444444444444	0.25	0.7777777777777778	0.8518518518518519
Саутгемптон	Фулхэм	0.8	0.5	1.0	1.0	1.0	0.6153846153846154	0.6388888888888888	0.5	0.0	0.0
Саутгемптон	Кардифф Сити	0.6	0.3	0.0	1.0	1.0	0.7135416666666666	0.7244897959183674	0.5	1.0	1.0
Сток Сити	Ливерпуль	0.4	0.6	0.0	1.0	1.0	0.206896551724138	0.206896551724138	0.5	0.925925925925926	0.9814814814814816
Сток Сити	Челси	0.5	0.7	1.0	1.0	0.8	0.2674418604651163	0.1923076923076923	0.0	0.0	0.0
Сток Сити	Арсенал	0.4	0.6	1.0	1.0	1.0	0.2297297297297297	0.08974358974358976	0.0	0.9393939393939394	0.9696969696969696
Сток Сити	Эвертон	0.5	0.7	0.5	1.0	0.2	0.28181818181818186	0.2142857142857143	0.0	0.912280701754386	0.9824561403508772
Сток Сити	Тоттенхэм Хотспур	0.7	0.7	0.0	1.0	1.0	0.4387755102040816	0.3137254901960784	0.0	1.0	1.0
Сток Сити	Манчестер Юнайтед	0.1	0.6	1.0	0.2	1.0	0.3142857142857143	0.2428571428571429	0.0	0.9777777777777776	0.9555555555555556
Сток Сити	Саутгемптон	0.1	0.9	0.5	1.0	1.0	0.28	0.2368421052631579	0.5	0.0	0.0
Сток Сити	Ньюкасл Юнайтед	0.7	0.2	1.0	1.0	0.8	0.5104166666666666	0.4387755102040816	0.0	1.0	1.0
Сток Сити	Суонси Сити	0.3	0.4	0.5	0.6	1.0	0.4681818181818182	0.5714285714285714	0.25	0.641025641025641	0.8461538461538461
Сток Сити	Вест Хэм Юнайтед	0.5	0.8	1.0	1.0	1.0	0.4358974358974359	0.5	0.5	0.7777777777777778	0.7777777777777778
Сток Сити	Сандерленд	0.3	0.4	1.0	1.0	1.0	0.6612903225806451	0.5714285714285714	0.5	0.0	0.0
Сток Сити	Астон Вилла	0.6	0.4	1.0	1.0	0.2	0.5	0.4807692307692308	0.25	0.9393939393939394	0.9242424242424242
Сток Сити	Халл Сити	0.7	0.4	1.0	1.0	1.0	0.48369565217391297	0.5444444444444444	0.75	0.5714285714285714	0.7619047619047619
Сток Сити	Вест Бромвич Альбион	0.3	0.6	0.5	1.0	1.0	0.4	0.43333333333333335	0.75	0.0	0.0
Сток Сити	Норвич Сити	0.5	0.3	0.0	1.0	1.0	0.5666666666666667	0.6071428571428571	0.5	0.0	0.0
Сток Сити	Фулхэм	0.5	0.5	1.0	1.0	1.0	0.655	0.63	0.0	1.0	1.0
Ньюкасл Юнайтед	Манчестер Сити	0.5	1.0	0.0	1.0	1.0	0.2413793103448276	0.3103448275862069	0.0	0.8888888888888888	0.9814814814814816
Ньюкасл Юнайтед	Ливерпуль	0.6	0.7	0.5	0.4	0.4	0.275	0.3	0.25	0.0	0.0
Ньюкасл Юнайтед	Челси	0.3	0.9	1.0	0.0	1.0	0.22	0.2631578947368421	0.5	0.0	0.0
Ньюкасл Юнайтед	Арсенал	0.7	0.6	0.0	1.0	1.0	0.3909090909090909	0.3888888888888889	0.0	0.9833333333333332	0.9666666666666668
Ньюкасл Юнайтед	Эвертон	0.6	0.6	0.0	0.2	1.0	0.4157303370786517	0.4111111111111111	0.0	0.7333333333333334	0.9333333333333332
Ньюкасл Юнайтед	Тоттенхэм Хотспур	0.3	0.7	0.0	0.2	1.0	0.4861111111111111	0.3648648648648649	0.5	0.7948717948717949	0.9487179487179488
Ньюкасл Юнайтед	Манчестер Юнайтед	0.4	0.6	0.0	0.6	1.0	0.3776595744680851	0.4148936170212766	0.5	0.4444444444444444	0.8888888888888888
Ньюкасл Юнайтед	Саутгемптон	0.8	0.3	0.5	1.0	1.0	0.4318181818181818	0.5555555555555556	0.5	0.9855072463768116	0.9420289855072465
Ньюкасл Юнайтед	Сток Сити	0.7	0.6	1.0	1.0	1.0	0.5612244897959183	0.6730769230769231	0.5	0.9365079365079364	0.8888888888888888
Ньюкасл Юнайтед	Кристал Пэлас	0.4	0.4	1.0	0.0	1.0	0.6012658227848101	0.6785714285714286	0.5	0.6666666666666667	0.875
Ньюкасл Юнайтед	Суонси Сити	0.2	0.3	0.0	1.0	1.0	0.4521276595744681	0.6274509803921569	0.0	1.0	1.0
Ньюкасл Юнайтед	Сандерленд	0.3	0.6	0.0	1.0	1.0	0.6285714285714286	0.7285714285714285	0.0	1.0	1.0
Ньюкасл Юнайтед	Астон Вилла	0.3	0.4	1.0	0.4	0.2	0.5202702702702703	0.6153846153846154	1.0	0.7777777777777778	0.9166666666666666
Ньюкасл Юнайтед	Вест Бромвич Альбион	0.7	0.5	1.0	0.6	1.0	0.5	0.6190476190476191	0.75	0.0	0.0
Ньюкасл Юнайтед	Норвич Сити	0.7	0.3	1.0	0.4	1.0	0.6774193548387097	0.6428571428571428	0.75	0.0	0.0
Ньюкасл Юнайтед	Кардифф Сити	0.0	0.4	1.0	1.0	1.0	0.6	0.66	0.5	1.0	1.0
Кристал Пэлас	Манчестер Сити	1.0	0.6	0.0	1.0	1.0	0.1479591836734694	0.19607843137254904	0.0	1.0	1.0
Кристал Пэлас	Ливерпуль	0.8	0.8	0.5	1.0	1.0	0.1875	0.13	0.0	1.0	1.0
Кристал Пэлас	Челси	0.2	0.8	1.0	1.0	0.2	0.17934782608695654	0.04444444444444445	0.0	0.8571428571428572	0.9523809523809524
Кристал Пэлас	Манчестер Юнайтед	0.6	0.4	0.0	1.0	0.4	0.3219178082191781	0.28378378378378377	0.5	0.9444444444444444	0.9166666666666666
Кристал Пэлас	Саутгемптон	0.5	0.5	0.0	1.0	1.0	0.36184210526315785	0.35714285714285715	0.5	0.9333333333333332	0.7
Кристал Пэлас	Сток Сити	0.3	0.3	1.0	1.0	1.0	0.4583333333333333	0.41935483870967744	0.0	0.9803921568627452	0.9215686274509804
Кристал Пэлас	Астон Вилла	0.5	0.4	1.0	1.0	0.0	0.484375	0.5	0.5	1.0	1.0
Кристал Пэлас	Халл Сити	0.5	0.2	1.0	1.0	1.0	0.4318181818181818	0.5	0.5	0.9166666666666666	0.9166666666666666
Кристал Пэлас	Вест Бромвич Альбион	0.5	0.4	1.0	1.0	1.0	0.4166666666666667	0.5	0.5	0.9761904761904762	0.9761904761904762
Кристал Пэлас	Норвич Сити	0.4	0.4	0.5	1.0	1.0	0.5	0.44642857142857145	0.0	0.6842105263157895	0.9473684210526316
Кристал Пэлас	Кардифф Сити	0.5	0.4	1.0	1.0	1.0	0.4418604651162791	0.4230769230769231	0.5	0.0	0.0
Суонси Сити	Манчестер Сити	0.3	0.9	0.0	1.0	1.0	0.19090909090909086	0.14285714285714285	0.25	0.912280701754386	0.9824561403508772
Суонси Сити	Челси	0.3	0.6	0.0	1.0	0.2	0.2631578947368421	0.1020408163265306	0.0	1.0	1.0
Суонси Сити	Арсенал	0.5	0.8	0.0	1.0	1.0	0.34375	0.2727272727272727	0.0	0.0	0.0
Суонси Сити	Эвертон	0.6	0.8	0.0	1.0	1.0	0.3877551020408163	0.28846153846153844	0.25	0.9090909090909092	0.9848484848484848
Суонси Сити	Тоттенхэм Хотспур	0.1	0.9	0.0	1.0	1.0	0.4609375	0.2121212121212121	0.0	0.9607843137254902	0.9803921568627452
Суонси Сити	Саутгемптон	0.6	0.5	0.0	1.0	0.4	0.46	0.37	0.25	1.0	1.0
Суонси Сити	Сток Сити	0.3	0.2	0.5	1.0	1.0	0.5625	0.5476190476190477	0.5	0.0	0.0
Суонси Сити	Ньюкасл Юнайтед	0.4	0.8	1.0	1.0	0.8	0.4634146341463415	0.32608695652173914	1.0	0.0	0.0
Суонси Сити	Кристал Пэлас	0.5	0.6	0.5	1.0	1.0	0.5921052631578947	0.5238095238095238	0.5	0.9090909090909092	0.9696969696969696
Суонси Сити	Вест Хэм Юнайтед	0.5	0.3	0.5	1.0	1.0	0.5192307692307693	0.5476190476190477	0.5	0.0	0.0
Суонси Сити	Сандерленд	0.5	0.0	1.0	1.0	1.0	0.7	0.7	0.5	0.0	0.0
Суонси Сити	Астон Вилла	0.5	0.1	1.0	1.0	0.4	0.5510204081632653	0.5098039215686274	0.5	1.0	1.0
Суонси Сити	Вест Бромвич Альбион	0.4	0.3	0.0	1.0	1.0	0.5448717948717948	0.5444444444444444	0.5	0.8518518518518519	0.14814814814814814
Суонси Сити	Норвич Сити	0.2	0.5	1.0	1.0	1.0	0.5869565217391304	0.4777777777777778	0.5	0.9047619047619048	0.8095238095238095
Суонси Сити	Фулхэм	0.1	0.4	1.0	1.0	1.0	0.65625	0.5303030303030303	0.5	0.9583333333333334	0.9791666666666666
Суонси Сити	Кардифф Сити	0.2	0.2	1.0	1.0	1.0	0.6111111111111112	0.5416666666666666	0.0	0.9761904761904762	0.9761904761904762
Вест Хэм Юнайтед	Манчестер Сити	0.3	0.7	0.0	1.0	0.2	0.325	0.33333333333333337	0.25	0.0	0.0
Вест Хэм Юнайтед	Ливерпуль	0.4	1.0	0.0	1.0	1.0	0.21354166666666669	0.1382978723404255	0.25	0.7222222222222222	0.9444444444444444
Вест Хэм Юнайтед	Челси	0.4	0.7	0.0	1.0	0.2	0.3387096774193549	0.2380952380952381	0.5	0.0	0.0
Вест Хэм Юнайтед	Арсенал	0.3	0.6	0.0	1.0	1.0	0.2551020408163265	0.07692307692307693	0.0	0.9841269841269842	0.9841269841269842
Вест Хэм Юнайтед	Тоттенхэм Хотспур	0.2	0.7	1.0	1.0	1.0	0.43	0.21	1.0	1.0	1.0
Вест Хэм Юнайтед	Манчестер Юнайтед	0.6	0.6	0.0	1.0	1.0	0.3860759493670886	0.2976190476190476	0.25	0.875	0.875
Вест Хэм Юнайтед	Саутгемптон	0.7	0.7	1.0	1.0	1.0	0.410958904109589	0.3513513513513513	0.5	0.8888888888888888	0.8333333333333334
Вест Хэм Юнайтед	Ньюкасл Юнайтед	0.3	0.4	0.0	1.0	1.0	0.4083333333333333	0.25806451612903225	0.5	0.5686274509803921	0.8627450980392157
Вест Хэм Юнайтед	Кристал Пэлас	0.4	0.8	0.0	1.0	1.0	0.526595744680851	0.4705882352941176	0.0	1.0	1.0
Вест Хэм Юнайтед	Суонси Сити	0.4	0.3	1.0	1.0	1.0	0.45	0.4285714285714286	0.75	0.9555555555555556	0.9333333333333332
Вест Хэм Юнайтед	Сандерленд	0.2	0.3	0.5	1.0	1.0	0.6363636363636364	0.5925925925925926	0.25	0.7971014492753623	0.927536231884058
Вест Хэм Юнайтед	Астон Вилла	0.3	0.5	0.5	1.0	1.0	0.56	0.4736842105263158	0.5	0.0	0.0
Вест Хэм Юнайтед	Халл Сити	0.4	0.4	1.0	1.0	1.0	0.48369565217391297	0.4777777777777778	0.5	0.9	0.8333333333333333
Вест Хэм Юнайтед	Вест Бромвич Альбион	0.1	0.2	0.5	1.0	1.0	0.4489795918367347	0.4423076923076923	0.75	0.9666666666666668	0.9833333333333332
Вест Хэм Юнайтед	Норвич Сити	0.7	0.4	1.0	1.0	0.2	0.5763888888888888	0.5	0.5	0.9743589743589745	0.9743589743589745
Вест Хэм Юнайтед	Фулхэм	0.2	0.2	1.0	1.0	1.0	0.5657894736842105	0.5	0.5	0.0	0.0
Сандерленд	Манчестер Сити	0.2	0.6	1.0	1.0	0.8	0.0	0.14285714285714285	0.5	0.0	0.0
Сандерленд	Ливерпуль	0.1	0.7	0.0	1.0	0.0	0.16666666666666669	0.17857142857142855	0.25	0.0	0.0
Сандерленд	Челси	0.5	0.7	0.0	1.0	0.6	0.14634146341463414	0.08695652173913042	0.0	0.0	0.0
Сандерленд	Эвертон	0.1	1.0	0.0	1.0	1.0	0.265625	0.11224489795918367	1.0	1.0	1.0
Сандерленд	Тоттенхэм Хотспур	0.3	0.4	0.0	1.0	1.0	0.32558139534883723	0.1923076923076923	0.0	0.0	0.0
Сандерленд	Манчестер Юнайтед	0.1	0.3	0.0	1.0	1.0	0.2058823529411765	0.2857142857142857	0.0	0.0	0.0
Сандерленд	Саутгемптон	0.6	0.4	0.5	1.0	1.0	0.3416666666666667	0.29032258064516125	0.75	0.9803921568627452	0.8039215686274509
Сандерленд	Сток Сити	0.6	0.1	1.0	1.0	0.0	0.4924242424242424	0.4411764705882353	0.25	0.9791666666666666	0.9375
Сандерленд	Ньюкасл Юнайтед	0.0	0.5	1.0	1.0	0.6	0.2692307692307692	0.2619047619047619	0.75	1.0	1.0
Сандерленд	Кристал Пэлас	0.5	0.3	0.5	1.0	1.0	0.5192307692307693	0.4666666666666667	0.0	0.962962962962963	0.925925925925926
Сандерленд	Суонси Сити	0.9	0.4	0.0	1.0	1.0	0.4305555555555556	0.490566037735849	0.25	1.0	1.0
Сандерленд	Вест Хэм Юнайтед	0.1	0.4	0.0	1.0	1.0	0.4361702127659575	0.4042553191489362	0.75	0.9523809523809524	0.7619047619047619
Сандерленд	Астон Вилла	0.5	0.1	0.0	1.0	0.8	0.40909090909090906	0.3928571428571429	0.25	0.9649122807017544	0.9298245614035088
Сандерленд	Халл Сити	0.7	0.1	0.0	1.0	1.0	0.4722222222222222	0.5	0.5	0.9761904761904762	0.9761904761904762
Сандерленд	Вест Бромвич Альбион	0.7	0.5	1.0	1.0	1.0	0.4711538461538462	0.4901960784313725	0.0	0.9393939393939394	0.9696969696969696
Сандерленд	Норвич Сити	0.2	0.5	0.5	1.0	1.0	0.4574468085106383	0.3269230769230769	0.25	0.9393939393939394	0.9393939393939394
Сандерленд	Кардифф Сити	0.3	0.4	1.0	1.0	1.0	0.5510204081632653	0.4901960784313725	0.25	1.0	1.0
Астон Вилла	Манчестер Сити	0.4	0.7	1.0	1.0	0.6	0.25	0.3181818181818182	0.0	0.0	0.0
Астон Вилла	Челси	0.3	0.9	1.0	0.6	1.0	0.2371794871794872	0.1111111111111111	0.0	0.7777777777777778	0.7407407407407407
Астон Вилла	Арсенал	0.3	0.7	0.0	1.0	1.0	0.2772727272727273	0.13392857142857145	0.5	0.962962962962963	0.9444444444444444
Астон Вилла	Эвертон	0.5	0.8	0.0	1.0	1.0	0.4423076923076923	0.3611111111111111	0.25	0.0	0.0
Астон Вилла	Тоттенхэм Хотспур	0.5	0.5	0.0	1.0	0.0	0.5	0.4166666666666667	0.0	0.0	0.0
Астон Вилла	Манчестер Юнайтед	0.6	0.4	0.0	0.0	1.0	0.44680851063829785	0.4423076923076923	0.0	0.927536231884058	0.927536231884058
Астон Вилла	Саутгемптон	0.2	0.4	0.5	0.2	0.0	0.398936170212766	0.3627450980392157	0.5	1.0	1.0
Астон Вилла	Сток Сити	0.5	0.6	0.0	0.8	1.0	0.5337078651685393	0.5	0.5	0.75	0.75
Астон Вилла	Кристал Пэлас	0.3	0.4	0.0	0.4	1.0	0.6020408163265306	0.6153846153846154	0.75	0.9206349206349206	0.9841269841269842
Астон Вилла	Суонси Сити	0.2	0.4	0.5	0.6	1.0	0.4387755102040816	0.4807692307692308	0.75	0.95	0.9333333333333332
Астон Вилла	Вест Хэм Юнайтед	0.5	0.5	0.0	1.0	1.0	0.5138888888888888	0.5694444444444444	0.75	0.9047619047619048	0.9761904761904762
Астон Вилла	Сандерленд	0.4	0.4	0.5	1.0	1.0	0.6973684210526316	0.6904761904761905	1.0	0.0	0.0
Астон Вилла	Халл Сити	0.1	0.3	1.0	0.6	1.0	0.46	0.48	0.75	1.0	1.0
Астон Вилла	Вест Бромвич Альбион	0.4	0.5	1.0	1.0	1.0	0.4848484848484849	0.5294117647058824	0.5	0.8958333333333334	0.9375
Астон Вилла	Норвич Сити	0.3	0.4	1.0	0.4	0.6	0.5592105263157895	0.5	1.0	0.9090909090909092	0.9090909090909092
Астон Вилла	Фулхэм	0.4	0.2	0.0	1.0	1.0	0.6595744680851063	0.6063829787234043	0.25	0.7222222222222222	0.8888888888888888
Халл Сити	Манчестер Сити	0.5	0.7	0.0	1.0	1.0	0.19871794871794876	0.2	0.5	0.8148148148148148	0.925925925925926
Халл Сити	Ливерпуль	0.2	0.6	1.0	0.0	1.0	0.2763157894736842	0.29166666666666663	0.25	0.0	0.0
Халл Сити	Челси	0.4	0.9	0.0	1.0	1.0	0.3	0.1774193548387097	0.25	0.9074074074074074	0.9814814814814816
Халл Сити	Арсенал	0.4	0.4	0.0	1.0	1.0	0.375	0.17708333333333331	0.0	1.0	1.0
Халл Сити	Эвертон	0.3	0.4	0.0	1.0	1.0	0.3472222222222222	0.19811320754716985	0.0	1.0	1.0
Халл Сити	Тоттенхэм Хотспур	0.2	0.8	0.5	1.0	1.0	0.4571428571428571	0.2142857142857143	0.25	0.9555555555555556	0.9777777777777776
Халл Сити	Манчестер Юнайтед	0.5	0.5	0.0	1.0	1.0	0.35714285714285715	0.3461538461538461	0.0	0.9047619047619048	0.9682539682539684
Халл Сити	Саутгемптон	0.3	0.7	0.0	1.0	1.0	0.4166666666666667	0.375	0.0	0.9230769230769232	0.7692307692307692
Халл Сити	Сток Сити	0.3	0.6	0.5	0.6	1.0	0.4886363636363637	0.5185185185185185	0.5	0.927536231884058	0.9420289855072465
Халл Сити	Ньюкасл Юнайтед	0.5	0.3	0.0	1.0	0.6	0.5202702702702703	0.3717948717948718	0.75	0.8484848484848485	0.8484848484848485
Халл Сити	Суонси Сити	0.2	0.4	1.0	1.0	1.0	0.4787234042553192	0.5	0.25	0.7777777777777778	0.7777777777777778
Халл Сити	Вест Хэм Юнайтед	0.5	0.4	1.0	1.0	1.0	0.4375	0.5909090909090909	0.25	0.0	0.0
Халл Сити	Сандерленд	0.5	0.2	1.0	1.0	1.0	0.72	0.6842105263157895	0.0	0.0	0.0
Халл Сити	Астон Вилла	0.7	0.4	0.5	1.0	1.0	0.4411764705882353	0.5357142857142857	0.0	0.0	0.0
Халл Сити	Вест Бромвич Альбион	0.4	0.4	1.0	1.0	1.0	0.5189873417721519	0.5238095238095238	0.5	0.9166666666666666	0.875
Халл Сити	Фулхэм	0.3	0.4	1.0	1.0	1.0	0.5918367346938775	0.5769230769230769	0.5	0.9333333333333332	0.7166666666666667
Вест Бромвич Альбион	Манчестер Сити	0.4	0.6	0.0	1.0	0.4	0.13181818181818186	0.05357142857142855	0.0	0.0	0.0
Вест Бромвич Альбион	Ливерпуль	0.4	0.7	0.5	1.0	1.0	0.26027397260273977	0.14705882352941174	0.5	0.5111111111111111	0.9777777777777776
Вест Бромвич Альбион	Челси	0.2	0.9	0.5	1.0	1.0	0.2569444444444444	0.054054054054054064	0.25	0.4615384615384616	0.9487179487179488
Вест Бромвич Альбион	Арсенал	0.6	1.0	0.5	1.0	1.0	0.375	0.26666666666666666	0.25	0.0	0.0
Вест Бромвич Альбион	Эвертон	0.5	0.7	0.5	1.0	0.6	0.3272727272727273	0.17857142857142855	0.25	0.9411764705882352	0.9411764705882352
Вест Бромвич Альбион	Тоттенхэм Хотспур	0.5	0.4	0.5	1.0	1.0	0.4427083333333333	0.22448979591836735	0.25	1.0	1.0
Вест Бромвич Альбион	Манчестер Юнайтед	0.3	0.6	0.0	1.0	0.6	0.368421052631579	0.2619047619047619	0.75	0.9666666666666668	0.9
Вест Бромвич Альбион	Сток Сити	0.3	0.5	0.0	1.0	1.0	0.4675925925925926	0.3962264150943397	0.5	1.0	1.0
Вест Бромвич Альбион	Ньюкасл Юнайтед	0.3	0.7	1.0	1.0	1.0	0.40909090909090906	0.23214285714285715	0.25	0.9649122807017544	0.9824561403508772
Вест Бромвич Альбион	Вест Хэм Юнайтед	0.4	0.4	1.0	1.0	1.0	0.4846938775510204	0.4607843137254902	0.25	1.0	1.0
Вест Бромвич Альбион	Астон Вилла	0.5	0.4	0.5	1.0	1.0	0.5272727272727272	0.4821428571428572	0.5	0.0	0.0
Вест Бромвич Альбион	Халл Сити	0.1	0.4	0.5	1.0	0.8	0.5106382978723404	0.4230769230769231	0.25	0.9848484848484848	0.9242424242424242
Вест Бромвич Альбион	Норвич Сити	0.4	0.4	0.0	1.0	1.0	0.6627906976744187	0.5192307692307693	0.5	0.0	0.0
Вест Бромвич Альбион	Фулхэм	0.3	0.1	0.5	1.0	1.0	0.6643835616438356	0.5540540540540541	0.25	0.4166666666666666	0.8888888888888888
Вест Бромвич Альбион	Кардифф Сити	0.4	0.2	0.5	1.0	1.0	0.6086956521739131	0.5333333333333333	0.0	0.8571428571428572	0.8571428571428572
Норвич Сити	Манчестер Сити	0.4	0.8	0.5	0.0	1.0	0.0902777777777778	0.0972222222222222	0.5	0.9761904761904762	0.9523809523809524
Норвич Сити	Ливерпуль	0.2	1.0	0.0	1.0	1.0	0.09375	0.03125	0.0	1.0	1.0
Норвич Сити	Челси	0.4	0.6	0.0	1.0	0.4	0.35	0.3666666666666667	0.0	0.0	0.0
Норвич Сити	Арсенал	0.1	0.8	0.0	1.0	1.0	0.2361111111111111	0.0943396226415094	0.0	1.0	1.0
Норвич Сити	Тоттенхэм Хотспур	0.4	0.7	1.0	0.4	1.0	0.33783783783783783	0.17948717948717946	0.25	0.9722222222222222	0.9166666666666666
Норвич Сити	Манчестер Юнайтед	0.4	0.6	0.0	1.0	1.0	0.2551020408163265	0.2692307692307692	0.0	0.95	0.9666666666666668
Норвич Сити	Сток Сити	0.3	0.6	0.5	0.8	1.0	0.4473684210526316	0.4761904761904762	0.5	0.9	0.8333333333333333
Норвич Сити	Ньюкасл Юнайтед	0.3	0.4	0.5	1.0	1.0	0.3359375	0.30303030303030304	0.25	0.9166666666666666	0.875
Норвич Сити	Суонси Сити	0.6	0.6	0.5	1.0	1.0	0.3404255319148936	0.4615384615384616	0.75	0.9565217391304348	0.927536231884058
Норвич Сити	Вест Хэм Юнайтед	0.3	0.4	1.0	1.0	1.0	0.28125	0.4545454545454545	0.25	0.0	0.0
Норвич Сити	Сандерленд	0.3	0.5	1.0	1.0	1.0	0.4493670886075949	0.5476190476190477	0.5	0.9583333333333334	0.875
Норвич Сити	Халл Сити	0.2	0.3	1.0	1.0	1.0	0.39166666666666666	0.4516129032258064	0.0	0.9607843137254902	0.9019607843137256
Норвич Сити	Вест Бромвич Альбион	0.3	0.4	0.0	1.0	1.0	0.4308510638297872	0.5319148936170213	1.0	0.8333333333333334	0.8333333333333334
Норвич Сити	Фулхэм	0.6	0.2	0.0	1.0	1.0	0.5306122448979592	0.6153846153846154	0.25	0.9206349206349206	0.9841269841269842
Фулхэм	Манчестер Сити	0.2	0.9	0.0	1.0	1.0	0.03191489361702127	0.13461538461538464	0.0	0.9848484848484848	0.9848484848484848
Фулхэм	Ливерпуль	0.1	0.8	0.0	1.0	1.0	0.06363636363636366	0.0357142857142857	0.0	0.9743589743589745	0.9487179487179488
Фулхэм	Челси	0.2	0.8	0.0	1.0	1.0	0.09459459459459456	0.0	0.0	0.9090909090909092	0.9696969696969696
Фулхэм	Эвертон	0.3	0.8	0.0	1.0	1.0	0.19565217391304346	0.13333333333333336	0.5	0.9047619047619048	0.9523809523809524
Фулхэм	Тоттенхэм Хотспур	0.0	0.4	0.0	1.0	1.0	0.2772727272727273	0.16964285714285715	0.5	0.0	0.0
Фулхэм	Манчестер Юнайтед	0.4	0.5	0.0	1.0	1.0	0.4	0.3947368421052632	0.0	0.0	0.0
Фулхэм	Саутгемптон	0.2	0.4	0.0	1.0	1.0	0.27142857142857146	0.3142857142857143	0.25	0.9555555555555556	0.7777777777777778
Фулхэм	Сток Сити	0.1	0.5	1.0	0.8	1.0	0.4117647058823529	0.3928571428571429	0.5	0.0	0.0
Фулхэм	Ньюкасл Юнайтед	0.2	0.4	1.0	1.0	0.8	0.28205128205128205	0.25555555555555554	0.0	0.8518518518518519	0.8148148148148148
Фулхэм	Кристал Пэлас	0.5	0.7	0.5	1.0	1.0	0.3611111111111111	0.37735849056603776	0.5	1.0	1.0
Фулхэм	Суонси Сити	0.4	0.4	0.0	1.0	1.0	0.3548387096774194	0.4523809523809524	0.5	0.0	0.0
Фулхэм	Вест Хэм Юнайтед	0.4	0.2	1.0	1.0	1.0	0.3909090909090909	0.5178571428571429	0.5	0.6842105263157895	0.9824561403508772
Фулхэм	Сандерленд	0.4	0.5	0.0	1.0	1.0	0.4727272727272727	0.5806451612903226	0.75	0.9814814814814816	0.9444444444444444
Фулхэм	Астон Вилла	0.0	0.7	1.0	1.0	1.0	0.3409090909090909	0.3269230769230769	0.75	0.0	0.0
Фулхэм	Халл Сити	0.4	0.4	0.5	1.0	1.0	0.3316326530612245	0.4411764705882353	0.0	1.0	1.0
Фулхэм	Норвич Сити	0.4	0.3	1.0	1.0	1.0	0.421875	0.4489795918367347	0.75	1.0	1.0
Кардифф Сити	Ливерпуль	0.3	1.0	0.0	1.0	1.0	0.05696202531645572	0.059523809523809534	0.25	0.875	0.9166666666666666
Кардифф Сити	Челси	0.3	0.7	0.0	1.0	0.4	0.1111111111111111	0.03773584905660377	0.0	1.0	1.0
Кардифф Сити	Сток Сити	0.3	0.8	0.5	1.0	1.0	0.3723404255319149	0.3627450980392157	0.25	1.0	1.0
Кардифф Сити	Кристал Пэлас	0.3	0.4	0.0	1.0	1.0	0.4308510638297872	0.44680851063829785	0.5	0.8333333333333334	0.8888888888888888
Кардифф Сити	Вест Хэм Юнайтед	0.3	0.2	0.0	1.0	1.0	0.44545454545454544	0.5483870967741935	0.0	0.9814814814814816	0.962962962962963
Кардифф Сити	Астон Вилла	0.2	0.3	0.5	1.0	0.0	0.3888888888888889	0.4166666666666667	0.0	0.9487179487179488	0.9230769230769232
Кардифф Сити	Халл Сити	0.3	0.3	0.0	1.0	1.0	0.36986301369863017	0.4324324324324325	0.25	0.9444444444444444	0.9166666666666666
Кардифф Сити	Норвич Сити	0.1	0.4	1.0	1.0	1.0	0.4571428571428571	0.4142857142857143	0.25	0.9777777777777776	0.9333333333333332
Кардифф Сити	Фулхэм	0.3	0.2	1.0	1.0	1.0	0.5263157894736842	0.5119047619047619	0.5	0.9333333333333332	0.9
